MeshAnim
1
456
52
30
0.9971591 0.0108742 -0.07453474 0
-0.01042211 0.9999249 0.006451836 0
0.07459932 -0.005656664 0.9971975 0
0.1410714 0.003234863 -0.0361569 1

0.9971591 0.0108742 -0.07453477 0
-0.008382097 0.9993979 0.03366712 0
0.074856 -0.03294667 0.99665 0
0.1247142 0.162549 -0.1160924 1

0.9971051 0.02162396 -0.07289696 0
0.005685911 0.9348201 0.3550761 0
0.0758237 -0.3544626 0.9319909 0
0.1237395 0.5279725 0.06812847 1

0.9957055 0.05913932 -0.07122706 0
-0.06675824 0.9917062 -0.1098277 0
0.06414118 0.1141111 0.9913953 0
0.1006242 0.9545327 0.006011936 1

0.9631766 -0.1769766 0.20241 0
0.181397 0.9834043 -0.003348926 0
-0.1984582 0.039942 0.9792952 0
-0.322838 0.0276643 0.04386098 1

0.9631766 -0.1769766 0.20241 0
0.1814166 0.9834004 -0.00344552 0
-0.1984403 0.0400391 0.9792948 0
-0.2690198 0.1767532 -0.0392913 1

0.9378624 -0.3002396 0.1739837 0
0.2292757 0.9125049 0.3387736 0
-0.2604743 -0.2778328 0.9246417 0
-0.180447 0.5344666 0.1386651 1

0.9582109 -0.1491215 0.2441201 0
0.2123279 0.9426307 -0.2576126 0
-0.1916995 0.2986807 0.9349017 0
-0.09231655 0.9377782 0.0124941 1

-0.1735096 -0.6228036 0.7628961 0
0.8974298 -0.4190266 -0.1379725 0
0.4056034 0.660706 0.6316276 0
-0.2209501 0.8934743 0.1641853 1

-0.9352129 0.1079479 0.33723 0
0.1340871 -0.773499 0.6194513 0
0.3277155 0.6245372 0.7089117 0
-0.2344344 0.8950315 0.1690477 1

-0.4816778 0.6995417 -0.5278524 0
-0.8462537 -0.2148001 0.4875608 0
0.2276863 0.6815441 0.6954541 0
-0.2476211 0.9141828 0.1545967 1

-0.3883625 -0.3372327 0.8575831 0
0.6848247 -0.7283214 0.02372521 0
0.6165953 0.5965081 0.5137982 0
-0.2131152 0.892629 0.180357 1

-0.8467966 0.4525073 0.2795931 0
-0.09723099 -0.6484582 0.7550153 0
0.5229543 0.6121594 0.59311 0
-0.2318363 0.9029181 0.1868747 1

-0.4688356 0.7444682 -0.475353 0
-0.7475829 -0.04781707 0.6624449 0
0.4704393 0.6659435 0.5789702 0
-0.2459759 0.9253711 0.1725381 1

-0.5475651 -0.1711817 0.8190661 0
0.585606 -0.7775821 0.2289797 0
0.5976941 0.6050312 0.5260219 0
-0.2097829 0.9045377 0.2080816 1

-0.8040826 0.5920161 0.05448122 0
-0.3119371 -0.4981303 0.8090496 0
0.5061091 0.6335482 0.5852098 0
-0.2263127 0.9167086 0.2092014 1

-0.2771621 0.7007118 -0.6574072 0
-0.8481876 0.1430098 0.5100253 0
0.4513964 0.6989646 0.5546982 0
-0.2343019 0.9369059 0.1902527 1

-0.7260799 0.1232191 0.67648 0
0.3235973 -0.8068252 0.494285 0
0.6067063 0.5777976 0.5459463 0
-0.2046058 0.9245335 0.2192192 1

-0.7093716 0.7011554 -0.07192317 0
-0.4339888 -0.3540975 0.8284134 0
0.5553788 0.6188669 0.5554804 0
-0.2185795 0.9383451 0.2178028 1

-0.1105657 0.6449394 -0.7561935 0
-0.8513635 0.3311083 0.4068753 0
0.5127918 0.6887819 0.5124687 0
-0.2214488 0.9550793 0.1981816 1

0.6229248 0.3878691 -0.6793541 0
-0.721854 0.6196809 -0.3080949 0
0.3014823 0.6823144 0.6659996 0
-0.1915281 0.9479891 0.1895796 1

0.4566562 0.5992628 -0.6575326 0
-0.7846948 0.6195692 0.01969338 0
0.4191886 0.5069695 0.7531686 0
-0.1989329 0.9686204 0.1560063 1

0.4751098 0.5642641 -0.6751862 0
-0.7539962 0.6566269 0.01818746 0
0.4536081 0.5004469 0.7374229 0
-0.2041339 0.9839463 0.1304698 1

0.0983674 0.4956984 -0.8629062 0
-0.8871964 0.4364679 0.1495936 0
0.4507841 0.7508522 0.4827161 0
-0.2230416 0.9936514 0.09147097 1

-0.04367311 0.5258321 -0.8494665 0
-0.9571139 0.221731 0.1864623 0
0.2864009 0.8211797 0.4935975 0
-0.2331285 1.115101 -0.1047266 1

0.2373969 0.9691639 0.06606074 0
-0.957113 0.2217353 0.1864625 0
0.1660647 -0.1074932 0.9802386 0
-0.1747916 1.353263 -0.08849286 1

0.9328339 0.2502731 0.2591993 0
-0.2662243 0.9635105 0.02778687 0
-0.242787 -0.09492572 0.965424 0
-0.1047156 1.389578 -0.04068286 1

0.2555885 -0.7916509 -0.5549446 0
-0.8570225 -0.4511752 0.2489048 0
-0.447423 0.4119827 -0.7937777 0
0.003529852 1.358432 0.2765296 1

-0.6055115 -0.7816582 -0.1495549 0
-0.6682951 0.3973729 0.6288694 0
-0.4321317 0.4807343 -0.762992 0
0.0122605 1.369702 0.2786853 1

-0.9030636 0.01773012 0.4291408 0
0.2359935 0.855296 0.4612768 0
-0.3588638 0.5178366 -0.7765707 0
0.03698355 1.369217 0.2669366 1

0.07468265 -0.9645064 -0.2532791 0
-0.8744612 -0.185423 0.448259 0
-0.4793124 0.1880056 -0.8572709 0
-0.0135827 1.371038 0.2705618 1

-0.7018616 -0.6976359 0.1438553 0
-0.5584311 0.6642737 0.4968858 0
-0.4422047 0.2684118 -0.8558096 0
0.00188669 1.386763 0.2670639 1

-0.8978912 0.09010116 0.4308986 0
0.1997815 0.9556285 0.216475 0
-0.3922743 0.2804565 -0.876051 0
0.02896657 1.384046 0.2540679 1

0.001455523 -0.981122 -0.1933853 0
-0.915072 -0.07929689 0.3954182 0
-0.4032883 0.1763859 -0.8979123 0
-0.02771901 1.390723 0.2511913 1

-0.8337644 -0.5171244 0.1934415 0
-0.4161369 0.8188424 0.3953825 0
-0.3628599 0.2491576 -0.8979159 0
-0.01057862 1.401354 0.2472141 1

-0.8771783 0.3054207 0.3705088 0
0.3759593 0.9168531 0.1342947 0
-0.2986857 0.2570966 -0.9190692 0
0.01470509 1.392551 0.2365347 1

-0.4165629 -0.8939454 0.1653389 0
-0.8215886 0.448041 0.3524936 0
-0.3891886 0.01099522 -0.9210926 0
-0.03140106 1.39988 0.2277508 1

-0.9001696 -0.273761 0.3387474 0
-0.2485001 0.9615704 0.1167489 0
-0.3576908 0.02091513 -0.9336058 0
-0.01366911 1.405273 0.2210779 1

-0.8599898 0.4252354 0.2821221 0
0.4096062 0.9049355 -0.115388 0
-0.3043694 0.01632649 -0.9524142 0
0.008645456 1.39424 0.213758 1

0.260128 0.6902569 0.6751882 0
0.3995116 0.559658 -0.7260672 0
-0.8790474 0.4586159 -0.1301829 0
-0.009939124 1.349293 0.2179464 1

-0.3505566 0.529036 0.7728071 0
0.4859944 0.8081323 -0.3327641 0
-0.8005747 0.2589274 -0.5404046 0
0.02401818 1.34271 0.1976676 1

-0.5243039 0.534654 0.66276 0
0.5377129 0.8113849 -0.2291709 0
-0.6602806 0.2362195 -0.7129027 0
0.05249418 1.337966 0.1886869 1

-0.6904207 0.6155842 0.3799679 0
0.6594073 0.7515361 -0.01938361 0
-0.2974918 0.2371707 -0.9247966 0
0.09374169 1.322082 0.1930377 1

-0.4104205 0.6971779 0.5877907 0
0.8975002 0.4229115 0.125058 0
-0.1613957 0.5788686 -0.799289 0
0.1885349 1.161057 0.05727747 1

0.3249473 -0.8258604 0.4608294 0
0.8974986 0.4229154 0.1250558 0
-0.2981705 0.3729572 0.8786337 0
0.1086835 1.364004 -0.05596614 1

0.962512 -0.2644313 0.06038918 0
0.2573119 0.9605972 0.1050898 0
-0.08579874 -0.08561136 0.9926275 0
0.027429 1.401736 -0.03384813 1

0.9895964 0.01477965 0.1431099 0
-0.03354315 0.9909984 0.1296037 0
-0.1399062 -0.1330556 0.9811842 0
-0.0451856 1.518939 -0.009344266 1

0.9983931 0.03246626 0.04644595 0
-0.03662487 0.9951144 0.0916846 0
-0.04324239 -0.09323835 0.9947044 0
-0.04057378 1.435727 -0.05031335 1

0.9944755 0.09150281 0.05143585 0
-0.09529281 0.9924802 0.07682699 0
-0.04401918 -0.08130402 0.9957169 0
-0.02459054 1.24488 -0.02766832 1

0.9947113 0.1006267 0.02058288 0
-0.1001308 0.9946883 -0.02385229 0
-0.02287373 0.02166517 0.9995037 0
-0.01711654 1.164819 -0.01487905 1

0.9942049 0.1068124 -0.01215739 0
-0.107495 0.9864711 -0.1237723 0
-0.001227504 0.1243619 0.9922362 0
-0.005564252 1.056699 0.005716993 1

0.9956933 0.08646343 -0.03345197 0
-0.09153201 0.9741401 -0.2065743 0
0.01472578 0.2087466 0.9778589 0
-0.0008012691 1.005062 0.01402126 1

0.9973367 0.002580859 -0.07289059 0
-0.00243251 0.9999948 0.002124063 0
0.07289571 -0.00194113 0.9973378 0
0.1402977 0.002398133 -0.0361968 1

0.9973367 0.002580859 -0.07289058 0
-7.37831E-05 0.999409 0.03437673 0
0.07293624 -0.0342798 0.9967474 0
0.1254059 0.1619002 -0.1160437 1

0.9975067 0.02086873 -0.06741588 0
0.0002148487 0.9543757 0.2986081 0
0.07057166 -0.2978781 0.9519917 0
0.1219807 0.5376697 0.04600021 1

0.9906949 0.06479584 -0.1196878 0
-0.0746794 0.9939914 -0.08002466 0
0.1137834 0.08821824 0.9895812 0
0.09470075 0.9656259 -0.003555065 1

0.9536784 -0.2396317 0.1818639 0
0.2445018 0.9696383 -0.00450903 0
-0.1752617 0.04876618 0.9833133 0
-0.3420151 0.032619 0.0367977 1

0.9536783 -0.2396317 0.1818639 0
0.244554 0.9696238 -0.004801806 0
-0.1751889 0.04905492 0.983312 0
-0.2803903 0.1782328 -0.04709022 1

0.9310232 -0.3265153 0.1630452 0
0.2658913 0.9128634 0.3098098 0
-0.2499957 -0.2450878 0.9367145 0
-0.1765189 0.5372961 0.1195132 1

0.9720676 -0.1584195 0.1731704 0
0.1934388 0.9586195 -0.2088787 0
-0.1329141 0.2365421 0.9624873 0
-0.09747295 0.9484597 0.0144295 1

-0.1493084 -0.7279599 0.6691648 0
0.8074432 -0.4803888 -0.3424355 0
0.5707386 0.489184 0.6595123 0
-0.2368039 0.8910601 0.1280759 1

-0.8589491 0.1461501 0.4907612 0
0.1116424 -0.8818972 0.4580322 0
0.4997423 0.448216 0.7411883 0
-0.2491885 0.893168 0.1351521 1

-0.4489274 0.8310468 -0.3283677 0
-0.7953985 -0.2041898 0.5706556 0
0.4071923 0.517366 0.7526796 0
-0.2614787 0.9159195 0.1261624 1

-0.3104834 -0.4435615 0.8407457 0
0.5789971 -0.7897024 -0.2028113 0
0.7538983 0.4238196 0.5020104 0
-0.2270975 0.8865036 0.1424767 1

-0.7337294 0.4839919 0.4768575 0
-0.08131605 -0.7593453 0.645587 0
0.6745582 0.4349099 0.5965102 0
-0.2432359 0.8974218 0.1533932 1

-0.4230999 0.8643884 -0.2716966 0
-0.6529606 -0.0829783 0.7528327 0
0.628195 0.4959306 0.5995197 0
-0.2559962 0.9234915 0.1451988 1

-0.4499217 -0.2571774 0.8552371 0
0.5026079 -0.8645031 0.004447337 0
0.7382113 0.4318498 0.5182179 0
-0.2185617 0.8928185 0.1709155 1

-0.7031186 0.6563339 0.2735875 0
-0.2648771 -0.5988146 0.755818 0
0.6598971 0.4589626 0.5948856 0
-0.2330159 0.9063116 0.1765395 1

-0.2647572 0.8331394 -0.4855745 0
-0.7462191 0.1419306 0.6503943 0
0.6107869 0.5345414 0.5841274 0
-0.2406475 0.9303259 0.1625437 1

-0.6054532 0.07555625 0.7922865 0
0.2769426 -0.9132708 0.2987292 0
0.7461429 0.4002843 0.5320179 0
-0.2093037 0.9097928 0.1841932 1

-0.6122894 0.7755787 0.1535559 0
-0.3630397 -0.448328 0.8168259 0
0.702356 0.4443868 0.5560723 0
-0.2213649 0.9250704 0.1872183 1

-0.1216531 0.7780039 -0.6163688 0
-0.7376508 0.3446348 0.5806015 0
0.6641324 0.5252969 0.5319692 0
-0.224522 0.9452573 0.1712252 1

0.5755283 0.4305166 -0.695286 0
-0.665121 0.7410859 -0.09168342 0
0.4757953 0.5152156 0.7128616 0
-0.1972315 0.9365152 0.1571486 1

0.4437034 0.6518352 -0.6150107 0
-0.6839901 0.6897275 0.2375569 0
0.5790377 0.3152564 0.7518833 0
-0.206099 0.9634749 0.1288256 1

0.4547672 0.6186936 -0.6406286 0
-0.649012 0.7228086 0.2373412 0
0.6098936 0.3078407 0.7302492 0
-0.21247 0.9835745 0.1071586 1

0.05082373 0.6269099 -0.7774323 0
-0.7925093 0.4990154 0.3505892 0
0.6077384 0.598304 0.5221937 0
-0.2348297 1.002092 0.0735468 1

-0.09816989 0.6049519 -0.7901874 0
-0.9073455 0.2717324 0.320758 0
0.4087628 0.7484616 0.5222242 0
-0.2575034 1.141816 -0.1089593 1

0.3232949 0.9387563 0.1192342 0
-0.9073441 0.2717365 0.3207586 0
0.2687138 -0.2118861 0.939626 0
-0.1780581 1.372505 -0.07965864 1

0.9482379 0.1752355 0.2648348 0
-0.1913471 0.9808581 0.036103 0
-0.2534389 -0.08490959 0.9636177 0
-0.1055954 1.402866 -0.03125871 1

0.2207455 -0.8287494 -0.5142435 0
-0.8872982 -0.3895423 0.2468983 0
-0.4049363 0.4017856 -0.8213373 0
0.005577525 1.386513 0.2712109 1

-0.6492003 -0.7495816 -0.1290987 0
-0.6553126 0.4650398 0.5952338 0
-0.3861402 0.4710259 -0.7931143 0
0.01493813 1.397321 0.2730717 1

-0.9082159 0.0938324 0.4078471 0
0.2808251 0.8592003 0.4276824 0
-0.3102919 0.5029618 -0.8066899 0
0.03980221 1.394752 0.261906 1

0.02365753 -0.9773256 -0.2104164 0
-0.8923877 -0.1155216 0.4362331 0
-0.4506494 0.1774527 -0.8748862 0
-0.01054937 1.399846 0.2643463 1

-0.7454959 -0.6472915 0.1589023 0
-0.5264423 0.7180666 0.4552351 0
-0.4087722 0.2557229 -0.8760771 0
0.005909143 1.414446 0.2605018 1

-0.8981597 0.1655606 0.4073074 0
0.255764 0.9502613 0.1777308 0
-0.357623 0.2638051 -0.8958307 0
0.03299708 1.409452 0.2482174 1

-0.05103657 -0.987175 -0.1512642 0
-0.9253453 -0.010232 0.3789874 0
-0.3756746 0.1593138 -0.9129554 0
-0.02305606 1.419474 0.2438803 1

-0.8667375 -0.4575466 0.1985371 0
-0.3731619 0.8589934 0.3505432 0
-0.3309318 0.2297426 -0.9152609 0
-0.005237835 1.428879 0.2397984 1

-0.8624399 0.3761765 0.3386576 0
0.430753 0.8968236 0.1007933 0
-0.2658001 0.2328059 -0.9354956 0
0.01962107 1.418037 0.230037 1

-0.4694656 -0.8610383 0.195487 0
-0.8003331 0.5084873 0.3176598 0
-0.3729199 -0.007324446 -0.9278346 0
-0.02575816 1.427742 0.2200437 1

-0.9204028 -0.2045175 0.3332137 0
-0.1921965 0.9788628 0.06991419 0
-0.3404691 0.0003066454 -0.9402558 0
-0.007627652 1.431772 0.2134798 1

-0.8359842 0.4904367 0.2461756 0
0.4677189 0.8714362 -0.1477758 0
-0.287001 -0.008397151 -0.9578937 0
0.01406407 1.419046 0.2070926 1

0.294319 0.7026836 0.6477746 0
0.4474921 0.4975803 -0.7430782 0
-0.8444687 0.508576 -0.167998 0
-0.007510217 1.375667 0.2129774 1

-0.3272997 0.5865676 0.7408193 0
0.5438814 0.7580553 -0.3599239 0
-0.7727018 0.2851148 -0.5671346 0
0.02626303 1.365931 0.1936845 1

-0.4985386 0.5983775 0.627219 0
0.5940161 0.7627808 -0.2555582 0
-0.6313509 0.2451726 -0.7357216 0
0.05450573 1.358916 0.1854878 1

-0.6544098 0.6764959 0.3377884 0
0.7078753 0.705156 -0.04083795 0
-0.2658201 0.2123873 -0.9403358 0
0.09453534 1.340595 0.1913685 1

-0.3762366 0.741208 0.5559285 0
0.9141346 0.3947544 0.09234238 0
-0.1510102 0.5429361 -0.826085 0
0.1814332 1.169401 0.06296742 1

0.307588 -0.8237005 0.4763477 0
0.9141331 0.3947581 0.09234016 0
-0.2641027 0.4070424 0.8743948 0
0.1058476 1.371817 -0.05408964 1

0.9537488 -0.2995657 0.02497249 0
0.2961104 0.9505534 0.0936323 0
-0.05178671 -0.08190709 0.9952937 0
0.02691351 1.412519 -0.02902952 1

0.9940223 -0.02919377 0.1052022 0
0.02486647 0.9987991 0.04221305 0
-0.1063082 -0.03934472 0.9935544 0
-0.04126371 1.532191 -0.004533051 1

0.9999525 -0.0008724332 0.009714402 0
0.0002477244 0.9979419 0.06412412 0
-0.009750351 -0.06411871 0.9978946 0
-0.04096156 1.447768 -0.04321771 1

0.9972172 0.07263839 0.0167761 0
-0.07372796 0.9942554 0.07759128 0
-0.01104362 -0.07861221 0.9968441 0
-0.0278274 1.256693 -0.02066119 1

0.9963707 0.08192955 -0.0230857 0
-0.08217742 0.9965675 -0.009999557 0
0.0221872 0.01186039 0.9996834 0
-0.02131248 1.176381 -0.00897206 1

0.9940708 0.08687541 -0.06539202 0
-0.0929432 0.9910017 -0.09631809 0
0.05643593 0.1018247 0.9932002 0
-0.01096513 1.067609 0.008615108 1

0.991735 0.08858782 -0.09281148 0
-0.1015971 0.9839947 -0.1463981 0
0.07835692 0.1546175 0.9848622 0
-0.005838916 1.015596 0.01374484 1

0.9973217 -0.001515038 -0.07312315 0
0.001593642 0.9999982 0.00101671 0
0.07312149 -0.001130537 0.9973224 0
0.1382415 0.002510786 -0.03810115 1

0.9973217 -0.001515038 -0.07312313 0
0.003838487 0.9994918 0.03164442 0
0.07303801 -0.03184037 0.9968207 0
0.123954 0.1618513 -0.1183804 1

0.9974414 0.02441259 -0.0671906 0
-0.006929703 0.9684765 0.2490088 0
0.07115148 -0.247906 0.9661677 0
0.1176457 0.5454401 0.02407117 1

0.9825756 0.07135423 -0.171621 0
-0.08204658 0.9950523 -0.05602919 0
0.166774 0.06913383 0.9835684 0
0.0863713 0.9741719 -0.0153908 1

0.9552509 -0.270752 0.119117 0
0.2748641 0.9612903 -0.01924943 0
-0.1092942 0.051129 0.9926935 0
-0.3540913 0.03341752 0.03608102 1

0.9552509 -0.270752 0.1191171 0
0.2749551 0.9612474 -0.02007623 0
-0.1090654 0.05192969 0.9926772 0
-0.2933861 0.1772033 -0.05154749 1

0.937099 -0.3321644 0.1072952 0
0.2941311 0.9169208 0.2697091 0
-0.187969 -0.2211853 0.9569455 0
-0.1753698 0.5388867 0.09921643 1

0.9816953 -0.162884 0.09870708 0
0.177363 0.9706947 -0.1621543 0
-0.0694021 0.1766932 0.9818161 0
-0.1042354 0.9561497 0.01449465 1

-0.09192944 -0.8145537 0.572758 0
0.64209 -0.4881305 -0.5911424 0
0.7610976 0.3134187 0.5678901 0
-0.255064 0.8961393 0.09633786 1

-0.7035626 0.1436452 0.695964 0
0.09063526 -0.9532208 0.2883675 0
0.7048298 0.2659634 0.657631 0
-0.2652081 0.8982109 0.1063729 1

-0.3925324 0.9148862 -0.09435019 0
-0.6729757 -0.2157789 0.7074909 0
0.6269146 0.3412085 0.7003963 0
-0.2759543 0.9232578 0.1037898 1

-0.1742578 -0.5508878 0.8161846 0
0.4098098 -0.7942466 -0.4485851 0
0.8953715 0.2563111 0.3641627 0
-0.2432112 0.8883386 0.1072291 1

-0.539991 0.4653164 0.7013491 0
-0.03995766 -0.846515 0.5308635 0
0.8407219 0.2586373 0.4757034 0
-0.2549582 0.8987677 0.1231055 1

-0.3502111 0.9357781 -0.04088939 0
-0.4795024 -0.1416098 0.8660393 0
0.8046302 0.3229032 0.4983012 0
-0.2655202 0.9269905 0.1218723 1

-0.2809246 -0.35737 0.8907122 0
0.3713478 -0.8962726 -0.2424802 0
0.884976 0.2626454 0.3844935 0
-0.2279547 0.8889027 0.1334637 1

-0.5313451 0.6659908 0.5235733 0
-0.1717949 -0.6899042 0.7032204 0
0.8295535 0.2837055 0.4809911 0
-0.2388776 0.9025943 0.1442269 1

-0.2474977 0.9250587 -0.2881179 0
-0.5611778 0.1055464 0.8209382 0
0.7898256 0.3648658 0.4929997 0
-0.2460116 0.929258 0.1359226 1

-0.4009688 -0.005525116 0.9160752 0
0.2108444 -0.9736928 0.08641459 0
0.891498 0.227799 0.3915854 0
-0.2138069 0.9023663 0.1464129 1

-0.4534257 0.7945172 0.4039158 0
-0.2334366 -0.5432211 0.8064852 0
0.8601816 0.2713924 0.4317796 0
-0.2227388 0.918017 0.1543697 1

-0.1448253 0.8785238 -0.4552163 0
-0.5403825 0.3151678 0.7801642 0
0.8288622 0.3589784 0.4290944 0
-0.2264971 0.9408123 0.1425582 1

0.466591 0.4771249 -0.744745 0
-0.560526 0.8108544 0.1683023 0
0.6841809 0.3389206 0.6457784 0
-0.2043457 0.9317271 0.1214403 1

0.3868147 0.6946569 -0.6064869 0
-0.515188 0.7082627 0.4826441 0
0.764824 0.1257608 0.6318454 0
-0.2152844 0.9637468 0.0999293 1

0.3874394 0.6652144 -0.6382638 0
-0.476854 0.7371322 0.478797 0
0.7889873 0.1188539 0.6028042 0
-0.2233259 0.9876848 0.0833053 1

-0.03145875 0.7375063 -0.6746075 0
-0.6221565 0.5137928 0.5907102 0
0.7822607 0.4382943 0.4426808 0
-0.2496131 1.013685 0.05869675 1

-0.1529061 0.6753645 -0.7214587 0
-0.833854 0.3036395 0.4609671 0
0.5303842 0.6720759 0.5167271 0
-0.2849289 1.169671 -0.1079354 1

0.4166928 0.8939661 0.1648991 0
-0.8338523 0.3036437 0.4609674 0
0.3620186 -0.3295834 0.8719618 0
-0.1825321 1.389354 -0.06741296 1

0.9608566 0.1008358 0.2580441 0
-0.1190432 0.9913145 0.05589507 0
-0.2501667 -0.08442551 0.964515 0
-0.1076123 1.413451 -0.0192302 1

0.1883681 -0.8555964 -0.4821541 0
-0.9128147 -0.3336562 0.235464 0
-0.3623357 0.3957633 -0.8438508 0
0.00960594 1.408545 0.2651626 1

-0.6894327 -0.7144029 -0.1196283 0
-0.6394944 0.5227455 0.5637236 0
-0.3401906 0.4651511 -0.8172545 0
0.01954666 1.418846 0.2668869 1

-0.9083732 0.1648088 0.3843129 0
0.3259299 0.8548208 0.4037959 0
-0.2619695 0.4920564 -0.8302124 0
0.04441503 1.414334 0.2563655 1

-0.0234113 -0.9833916 -0.1799802 0
-0.9059191 -0.05526997 0.4198286 0
-0.4228033 0.1728763 -0.8895791 0
-0.005451436 1.422541 0.2575625 1

-0.7845975 -0.5978807 0.164151 0
-0.4926448 0.761929 0.4204346 0
-0.3764411 0.2490039 -0.8923503 0
0.01189469 1.436038 0.2535922 1

-0.8932202 0.2353468 0.3831053 0
0.3115745 0.9383026 0.1500328 0
-0.3241588 0.2533782 -0.9114389 0
0.03883368 1.42894 0.2420377 1

-0.09879147 -0.987639 -0.1216942 0
-0.9314838 0.04875442 0.3605011 0
-0.3501117 0.1489706 -0.9247864 0
-0.01633298 1.44219 0.236295 1

-0.8947401 -0.4009723 0.1966245 0
-0.3295956 0.889986 0.3151054 0
-0.3013416 0.2171309 -0.9284651 0
0.002060914 1.450433 0.2322526 1

-0.8425329 0.4408062 0.3095609 0
0.4844911 0.8713205 0.07790492 0
-0.2353857 0.2156172 -0.9476829 0
0.02634607 1.437727 0.2233298 1

-0.515551 -0.8296146 0.2143532 0
-0.7775983 0.5580674 0.2896581 0
-0.359928 -0.01734719 -0.9328189 0
-0.0181536 1.449738 0.212254 1

-0.9351902 -0.1411175 0.3248161 0
-0.1371711 0.989924 0.03514144 0
-0.3265021 -0.01169146 -0.9451241 0
0.0002682265 1.452518 0.2058555 1

-0.8071246 0.5497486 0.2152354 0
0.5234834 0.8349781 -0.1696363 0
-0.2729742 -0.0242455 -0.9617158 0
0.02121113 1.438254 0.2002711 1

0.3328789 0.7045591 0.6267281 0
0.4910309 0.4378974 -0.7530833 0
-0.8050343 0.5584284 -0.2001933 0
-0.003341277 1.396711 0.2073731 1

-0.2967255 0.6347093 0.713511 0
0.5998095 0.7052633 -0.3779317 0
-0.74309 0.3158288 -0.5899741 0
0.02995431 1.383982 0.1890149 1

-0.4652991 0.6539496 0.5965291 0
0.6486977 0.7104538 -0.2728491 0
-0.6022357 0.2600106 -0.7547892 0
0.05776428 1.374758 0.181561 1

-0.6115757 0.7314063 0.3016953 0
0.7549361 0.6535635 -0.05409391 0
-0.2367417 0.1946782 -0.9518686 0
0.09635688 1.353999 0.188793 1

-0.3352201 0.7777209 0.5317688 0
0.9299055 0.3637902 0.0541508 0
-0.1513381 0.5126471 -0.8451566 0
0.1737813 1.174373 0.06597204 1

0.2949858 -0.8256139 0.4809833 0
0.9299042 0.3637938 0.05414878 0
-0.2196848 0.4312954 0.8750559 0
0.1012926 1.377258 -0.05222424 1

0.9434822 -0.3304775 -0.02501897 0
0.3313667 0.9392363 0.08961879 0
-0.006118283 -0.09284421 0.9956619 0
0.02504638 1.420164 -0.02288378 1

0.9936951 -0.09279045 0.06292893 0
0.09693616 0.9930746 -0.06637947 0
-0.05633371 0.07206101 0.9958081 0
-0.03788116 1.542182 0.003206584 1

0.9985752 -0.03988063 -0.03545822 0
0.04137369 0.9982427 0.04242174 0
0.03370411 -0.04382832 0.9984703 0
-0.04258824 1.457059 -0.03361494 1

0.9983447 0.0505175 -0.02749559 0
-0.04781201 0.99466 0.0914645 0
0.03196932 -0.08999851 0.9954287 0
-0.0327507 1.265491 -0.01371821 1

0.9951521 0.06411128 -0.07457923 0
-0.06314747 0.9978882 0.01521286 0
0.07539702 -0.01042964 0.997099 0
-0.02719206 1.184836 -0.004073089 1

0.9895124 0.07229315 -0.1250553 0
-0.08016646 0.9950272 -0.05911021 0
0.1201601 0.06851552 0.9903874 0
-0.01780994 1.075392 0.009403594 1

0.9836482 0.09300593 -0.1542274 0
-0.1070292 0.9905943 -0.08525017 0
0.144848 0.100363 0.9843507 0
-0.0125709 1.023173 0.01132728 1

0.9974658 -0.009018712 -0.0705739 0
0.008958481 0.9999592 -0.001169493 0
0.07058159 0.0005342895 0.9975059 0
0.1367024 0.002516627 -0.03972174 1

0.9974658 -0.009018704 -0.07057388 0
0.01070439 0.9996654 0.02354388 0
0.07033798 -0.02423968 0.9972286 0
0.1237219 0.161294 -0.1213272 1

0.9967939 0.03115652 -0.07369761 0
-0.01437903 0.9758294 0.2180603 0
0.07871029 -0.2163015 0.9731487 0
0.114704 0.5491619 0.008864117 1

0.9703732 0.0820246 -0.2272618 0
-0.09638736 0.9939414 -0.05282044 0
0.2215523 0.07316071 0.9724001 0
0.07637399 0.9774275 -0.02942211 1

0.9669431 -0.2503506 0.04843175 0
0.2523183 0.9668205 -0.03991905 0
-0.03683107 0.0508196 0.9980285 0
-0.3550968 0.02865547 0.03920095 1

0.9669431 -0.2503506 0.04843193 0
0.2523774 0.9667374 -0.04152709 0
-0.03642461 0.05237743 0.9979628 0
-0.3040853 0.1734385 -0.05285279 1

0.9445481 -0.3263458 0.03643368 0
0.3092883 0.9214324 0.2351664 0
-0.1103167 -0.2108575 0.9712721 0
-0.176582 0.5374314 0.08398505 1

0.9863402 -0.1627293 0.02553831 0
0.1646876 0.9773387 -0.1329926 0
-0.003317803 0.1353817 0.990788 0
-0.1118967 0.9581541 0.01218954 1

-0.05227228 -0.8759073 0.4796398 0
0.4960666 -0.4396223 -0.7487659 0
0.8667096 0.1987936 0.4574883 0
-0.2739898 0.9046855 0.0718196 1

-0.5645354 0.09400484 0.8200385 0
0.0656611 -0.9852304 0.1581445 0
0.8227932 0.1431229 0.550025 0
-0.2821293 0.9060414 0.08364355 1

-0.3299241 0.9410349 0.07485604 0
-0.5615926 -0.2593928 0.7857031 0
0.7587911 0.2171837 0.6140579 0
-0.2911614 0.9318039 0.08569285 1

-0.07572995 -0.6431295 0.7620036 0
0.2669039 -0.7493868 -0.6059552 0
0.9607431 0.1574928 0.2284049 0
-0.2612011 0.895022 0.07953738 1

-0.3777772 0.4030765 0.833555 0
-0.01645547 -0.9030487 0.4292232 0
0.9257504 0.1484342 0.3477839 0
-0.2692923 0.9040161 0.09831133 1

-0.2769542 0.9530352 0.1225564 0
-0.339645 -0.2164079 0.9153188 0
0.8988536 0.2118758 0.3836288 0
-0.2776448 0.9327593 0.1020074 1

-0.1531943 -0.4556002 0.8769037 0
0.255641 -0.8754426 -0.4101808 0
0.9545572 0.1613351 0.2505829 0
-0.241847 0.8914846 0.1026453 1

-0.3830017 0.6238186 0.681293 0
-0.1052938 -0.7622064 0.6387132 0
0.9177271 0.1728923 0.3576106 0
-0.2497204 0.9043093 0.1166509 1

-0.2173013 0.9662575 -0.1383008 0
-0.4077269 0.03888091 0.9122757 0
0.8868704 0.2546276 0.3855202 0
-0.2559839 0.9321604 0.1126649 1

-0.2404964 -0.1042671 0.9650337 0
0.1463923 -0.9867377 -0.07012963 0
0.9595473 0.1244076 0.2525707 0
-0.2247257 0.9023759 0.1143019 1

-0.3159798 0.7618334 0.5654795 0
-0.1378211 -0.6265506 0.7670982 0
0.9387023 0.1644526 0.302974 0
-0.23095 0.9173827 0.1254413 1

-0.147388 0.9342831 -0.3246419 0
-0.377366 0.25028 0.8916023 0
0.9142602 0.2539203 0.3156784 0
-0.2347748 0.9416248 0.1170178 1

0.3759444 0.5298816 -0.7601917 0
-0.4576952 0.8194987 0.3448726 0
0.8057177 0.2182831 0.5506102 0
-0.2171889 0.9336717 0.09159055 1

0.3376864 0.7345337 -0.5885817 0
-0.370149 0.6785629 0.6344622 0
0.8654236 0.003613502 0.5010282 0
-0.2288564 0.9685878 0.07570373 1

0.3307178 0.7089847 -0.6228696 0
-0.3307441 0.7052227 0.6271118 0
0.8838746 -0.00138662 0.4677221 0
-0.2375337 0.994745 0.06327192 1

-0.08129287 0.8110976 -0.5792342 0
-0.4734871 0.479964 0.7385421 0
0.8770413 0.3342982 0.3450266 0
-0.2652901 1.025012 0.04635705 1

-0.2134489 0.7338775 -0.6448747 0
-0.7404677 0.3090671 0.5968125 0
0.6372969 0.6048979 0.4774424 0
-0.3145892 1.194513 -0.1025868 1

0.512256 0.8343867 0.2034521 0
-0.7404655 0.3090713 0.596813 0
0.4350916 -0.4563704 0.7761581 0
-0.1887087 1.399554 -0.05259032 1

0.9726828 0.03853628 0.2289168 0
-0.05938869 0.994617 0.08491085 0
-0.2244124 -0.09618641 0.9697356 0
-0.1110464 1.417997 -0.006290628 1

0.1582528 -0.8738903 -0.4596433 0
-0.9347237 -0.2826015 0.2154717 0
-0.3181945 0.3955405 -0.8615685 0
0.015146 1.421521 0.2587171 1

-0.7268285 -0.6760188 -0.1213207 0
-0.6212803 0.5718294 0.5357444 0
-0.2927986 0.4647687 -0.8356192 0
0.02562592 1.431268 0.2604657 1

-0.903881 0.2316928 0.3596075 0
0.3713442 0.842294 0.3906971 0
-0.2123736 0.4866818 -0.8473715 0
0.05037131 1.424925 0.2506206 1

-0.0674061 -0.9843919 -0.1625705 0
-0.9164742 -0.003316954 0.4000804 0
-0.3943751 0.1759596 -0.901946 0
0.001253599 1.436159 0.2505556 1

-0.8202931 -0.5491636 0.1598082 0
-0.4571624 0.7974601 0.3937768 0
-0.3436886 0.2499542 -0.9052079 0
0.01941157 1.448571 0.2466756 1

-0.8834719 0.3005501 0.3593709 0
0.3676771 0.9202045 0.1343034 0
-0.2903299 0.2507857 -0.9234799 0
0.04605652 1.439506 0.235837 1

-0.1429377 -0.9841226 -0.1052241 0
-0.934825 0.09932406 0.3409357 0
-0.3250711 0.1470987 -0.9341791 0
-0.007960387 1.455963 0.2287751 1

-0.9189244 -0.3467013 0.188086 0
-0.2852313 0.9134564 0.2902427 0
-0.2724357 0.2130631 -0.9382871 0
0.01093064 1.46309 0.2249082 1

-0.817651 0.5006006 0.2843342 0
0.5376874 0.8405278 0.06637305 0
-0.2057643 0.2071529 -0.9564249 0
0.03449862 1.448661 0.2167126 1

-0.5567917 -0.8004562 0.2219306 0
-0.7539493 0.5991415 0.2694252 0
-0.3486308 -0.0173107 -0.9371002 0
-0.008955824 1.463001 0.2046956 1

-0.9457725 -0.08253646 0.314169 0
-0.0825582 0.9964982 0.01326137 0
-0.3141633 -0.01339494 -0.9492745 0
0.009674488 1.464628 0.1985068 1

-0.7734194 0.604643 0.1903399 0
0.5778235 0.7959449 -0.1805321 0
-0.2606575 -0.02964414 -0.9649761 0
0.02974285 1.448939 0.1935684 1

0.3749 0.6949538 0.6135871 0
0.531251 0.3813631 -0.7565279 0
-0.7597514 0.6095914 -0.2262219 0
0.002207849 1.409494 0.2013698 1

-0.2595341 0.6730784 0.6925371 0
0.6543372 0.649974 -0.3864929 0
-0.7102711 0.3528448 -0.6091106 0
0.03473765 1.393918 0.1838526 1

-0.4249752 0.7013591 0.5722689 0
0.7021205 0.6544222 -0.2806393 0
-0.5713344 0.2825371 -0.7705516 0
0.06190776 1.382521 0.1770747 1

-0.5617423 0.7809495 0.2730637 0
0.8005779 0.5963551 -0.05861127 0
-0.2086153 0.1856844 -0.9602088 0
0.09880477 1.359261 0.1854534 1

-0.2903591 0.8028525 0.5206918 0
0.9422716 0.3347192 0.009347215 0
-0.1667811 0.4933472 -0.8536935 0
0.1658678 1.17383 0.06519082 1

0.290137 -0.8300555 0.4762649 0
0.9422705 0.3347226 0.009345368 0
-0.1671739 0.4460589 0.8792521 0
0.09457069 1.377807 -0.05184598 1

0.9310207 -0.3545537 -0.08655649 0
0.3618597 0.9276378 0.09244277 0
0.04751718 -0.1173874 0.9919488 0
0.02132354 1.421968 -0.01720649 1

0.9844368 -0.1735619 0.02757618 0
0.1755374 0.9636157 -0.2015729 0
0.008412585 0.2032764 0.9790853 0
-0.03602276 1.545724 0.01234988 1

0.9928612 -0.07794366 -0.09028464 0
0.08092958 0.9962714 0.02989211 0
0.08761813 -0.03698543 0.9954673 0
-0.04595008 1.460545 -0.02328527 1

0.9961717 0.02988816 -0.08214918 0
-0.02015661 0.9929469 0.116835 0
0.0850618 -0.1147319 0.989748 0
-0.03936035 1.268386 -0.008378698 1

0.9897581 0.05214471 -0.1328903 0
-0.04593034 0.997722 0.04940914 0
0.135164 -0.0427994 0.9898984 0
-0.03453889 1.187396 -0.001550258 1

0.9797251 0.06845658 -0.1882883 0
-0.07263061 0.9972408 -0.01535058 0
0.1867179 0.02871484 0.9819939 0
-0.02552174 1.077431 0.007054494 1

0.9715931 0.0994627 -0.2147418 0
-0.1084728 0.9936296 -0.03055905 0
0.2103343 0.0529846 0.9761927 0
-0.02037648 1.025175 0.006130599 1

0.9982332 -0.005462073 -0.05916655 0
0.005276248 0.9999807 -0.003296439 0
0.05918345 0.00297842 0.9982427 0
0.1375128 0.002013683 -0.03813017 1

0.9982332 -0.005462058 -0.05916654 0
0.006275788 0.9998882 0.01357597 0
0.05908577 -0.01392331 0.9981557 0
0.1248012 0.1599066 -0.1214754 1

0.9911833 0.04973333 -0.1228099 0
-0.02337264 0.9779758 0.2074051 0
0.1304201 -0.2027062 0.9705157 0
0.1143357 0.5490996 0.004587467 1

0.9554275 0.09400373 -0.2798599 0
-0.1201206 0.9897184 -0.07764339 0
0.2696837 0.1077996 0.9568959 0
0.06497568 0.9751244 -0.04453295 1

0.9852195 -0.1711538 -0.007000804 0
0.1706127 0.9841139 -0.04910469 0
0.0152941 0.04718451 0.9987691 0
-0.3493118 0.02142012 0.03848705 1

0.9852195 -0.1711538 -0.00700067 0
0.1705733 0.9839908 -0.05164151 0
0.01572724 0.04968411 0.9986411 0
-0.3154509 0.1698208 -0.05568752 1

0.9456426 -0.3239779 -0.028256 0
0.3217661 0.9194895 0.2258445 0
-0.04718751 -0.22266 0.9737535 0
-0.1802046 0.5325418 0.07703171 1

0.9858575 -0.1621448 -0.04235725 0
0.1556406 0.9795734 -0.1273267 0
0.0621374 0.1189335 0.9909559 0
-0.120361 0.9544615 0.008119009 1

-0.00473538 -0.9232534 0.3841629 0
0.4455156 -0.3458818 -0.8257611 0
0.8952618 0.1672403 0.4129617 0
-0.2838506 0.9114814 0.0541077 1

-0.505195 0.001061171 0.8630045 0
0.08664753 -0.9948839 0.05194595 0
0.8586444 0.1010199 0.5025184 0
-0.2911344 0.9114971 0.06655116 1

-0.3297039 0.9254746 0.1865263 0
-0.5038492 -0.3395756 0.7942445 0
0.7983929 0.1678843 0.5782591 0
-0.3001605 0.9368338 0.07165762 1

-0.01416326 -0.7240518 0.6896 0
0.2280288 -0.6738349 -0.7028155 0
0.9735514 0.1472945 0.1746483 0
-0.2705688 0.901394 0.05992964 1

-0.3199126 0.3102788 0.8951998 0
0.02029507 -0.9423939 0.333889 0
0.9472297 0.1249834 0.2951864 0
-0.2773573 0.9083046 0.08005391 1

-0.2724248 0.9338135 0.2318988 0
-0.2740626 -0.3063398 0.9116169 0
0.9223201 0.1847922 0.3393779 0
-0.2855732 0.936468 0.08704774 1

-0.08442643 -0.5515652 0.8298483 0
0.2316911 -0.8208615 -0.5220204 0
0.9691189 0.1481961 0.1970952 0
-0.2496616 0.895874 0.08121635 1

-0.3370241 0.5454392 0.7674053 0
-0.05445899 -0.8250206 0.5624726 0
0.9399198 0.1477747 0.3077557 0
-0.2565899 0.9070874 0.09699214 1

-0.2306863 0.9725692 -0.02987925 0
-0.3433204 -0.05262384 0.9377428 0
0.9104476 0.2265826 0.3460426 0
-0.2632392 0.9351205 0.09613132 1

-0.168442 -0.2136422 0.9622809 0
0.1473441 -0.9707186 -0.1897238 0
0.9746369 0.1098288 0.1949885 0
-0.2318152 0.905753 0.09260249 1

-0.2788492 0.6955775 0.6621292 0
-0.07933831 -0.7038065 0.7059475 0
0.9570521 0.1443207 0.2514419 0
-0.2373081 0.9194547 0.1056457 1

-0.1734315 0.959333 -0.2227142 0
-0.3154457 0.1601163 0.9353378 0
0.9329606 0.2324712 0.2748483 0
-0.2418086 0.9443467 0.09986709 1

0.322391 0.5977612 -0.7339929 0
-0.4353281 0.7821581 0.4457782 0
0.8405675 0.1758128 0.5123829 0
-0.2259683 0.9388059 0.07271316 1

0.2952431 0.7862253 -0.5428455 0
-0.3280779 0.6170537 0.7152689 0
0.8973275 -0.0330826 0.440124 0
-0.2387718 0.9748824 0.06078783 1

0.2860356 0.7637289 -0.578707 0
-0.2893316 0.6445885 0.7076669 0
0.9134937 -0.03497979 0.4053463 0
-0.248336 1.001956 0.05132279 1

-0.1224046 0.8581076 -0.4986665 0
-0.4236554 0.4091925 0.8081323 0
0.8975152 0.3101819 0.3134547 0
-0.2772517 1.033353 0.0390465 1

-0.2908523 0.775815 -0.559925 0
-0.6345799 0.2815555 0.7197464 0
0.71604 0.564657 0.4104255 0
-0.3444283 1.21254 -0.0902768 1

0.5975859 0.7693186 0.2259206 0
-0.6345774 0.2815591 0.7197471 0
0.4901051 -0.5734749 0.6564479 0
-0.1975789 1.401592 -0.03475887 1

0.9855507 0.0004157498 0.1693804 0
-0.02157708 0.9921582 0.1231124 0
-0.168001 -0.1249882 0.9778311 0
-0.1166816 1.41594 0.007252831 1

0.1356535 -0.8833382 -0.4486783 0
-0.9449172 -0.2515062 0.209468 0
-0.2978763 0.3955486 -0.8687986 0
0.0216753 1.423841 0.255233 1

-0.753143 -0.6475678 -0.1158959 0
-0.5999305 0.6037989 0.5248911 0
-0.2699248 0.4648475 -0.8432423 0
0.03253463 1.433178 0.2569034 1

-0.8920695 0.2802628 0.354492 0
0.410925 0.8294796 0.3782917 0
-0.1880228 0.4831322 -0.8551202 0
0.05695666 1.425505 0.2471984 1

-0.09526496 -0.983394 -0.1544698 0
-0.9168539 0.02624536 0.3983594 0
-0.3876902 0.179576 -0.9041287 0
0.008597959 1.438882 0.2469604 1

-0.8407917 -0.5152311 0.1661513 0
-0.4259617 0.8190535 0.3843283 0
-0.3341047 0.252366 -0.9081218 0
0.02721941 1.450539 0.242937 1

-0.86746 0.34737 0.3561562 0
0.4111725 0.9036055 0.1201443 0
-0.2800902 0.250662 -0.9266704 0
0.05338146 1.440062 0.2321954 1

-0.1693847 -0.9808169 -0.09647395 0
-0.931168 0.1272026 0.3416811 0
-0.3228549 0.147709 -0.9348512 0
0.0002888776 1.458829 0.2250984 1

-0.9305244 -0.3100515 0.1949171 0
-0.2499671 0.9266706 0.2807105 0
-0.2676586 0.2124851 -0.9397919 0
0.01941836 1.465202 0.2210911 1

-0.7913313 0.543027 0.2809207 0
0.5775363 0.8147054 0.05202663 0
-0.2006157 0.2034122 -0.9583195 0
0.04222773 1.449551 0.2129939 1

-0.5759584 -0.783666 0.232679 0
-0.7347516 0.6210291 0.2728788 0
-0.3583464 -0.01379451 -0.9334868 0
-0.0005579796 1.465542 0.2011262 1

-0.945296 -0.04401174 0.323231 0
-0.0451548 0.9989722 0.003965562 0
-0.3230734 -0.01084691 -0.9463118 0
0.01806297 1.46641 0.194759 1

-0.7421137 0.6433617 0.1880248 0
0.6136209 0.764982 -0.195632 0
-0.2696976 -0.02980526 -0.9624835 0
0.03731905 1.449716 0.1898806 1

0.4208376 0.6814767 0.5987362 0
0.5458902 0.3368931 -0.7671421 0
-0.7244997 0.6496864 -0.230234 0
0.0076501 1.412119 0.1985892 1

-0.2134788 0.6985518 0.6829731 0
0.6881189 0.6037623 -0.4024469 0
-0.6934836 0.3840528 -0.6095771 0
0.03905429 1.394364 0.1810913 1

-0.3783725 0.7346311 0.5631618 0
0.7370768 0.6071506 -0.2967927 0
-0.5599574 0.3027954 -0.7712086 0
0.06545183 1.381274 0.1743171 1

-0.5134125 0.8167385 0.2633358 0
0.8333347 0.5477669 -0.07419384 0
-0.2048436 0.1813548 -0.9618469 0
0.1010013 1.356054 0.1828483 1

-0.243656 0.813248 0.5284499 0
0.9492053 0.3118146 -0.04220508 0
-0.1991016 0.4913239 -0.8479146 0
0.1572775 1.168222 0.06079391 1

0.2951778 -0.8359171 0.4627231 0
0.949204 0.3118179 -0.04220675 0
-0.1090041 0.4516772 0.8854975 0
0.08474159 1.373639 -0.05291521 1

0.9159404 -0.3697421 -0.156025 0
0.3873081 0.9162465 0.1023954 0
0.1050975 -0.1542179 0.9824312 0
0.01473325 1.417972 -0.01231115 1

0.9675682 -0.2526095 -0.0006345361 0
0.239641 0.9186837 -0.3139941 0
0.07990085 0.3036587 0.9494246 0
-0.03702847 1.542433 0.02292797 1

0.9818262 -0.1087963 -0.1555017 0
0.1149354 0.9928883 0.03102212 0
0.1510207 -0.04833095 0.9873483 0
-0.05200963 1.457924 -0.0125357 1

0.9889838 0.0152893 -0.1472319 0
0.00745884 0.9882403 0.1527262 0
0.1478356 -0.1521419 0.9772397 0
-0.04829641 1.265264 -0.004860636 1

0.9792892 0.05039017 -0.1960954 0
-0.03296303 0.9952922 0.09114236 0
0.1997649 -0.08279084 0.9763399 0
-0.04381483 1.184036 -0.001524421 1

0.96465 0.07970556 -0.2511916 0
-0.07379149 0.9967312 0.0328914 0
0.2529922 -0.0131929 0.9673783 0
-0.03420241 1.073831 0.001669819 1

0.9564514 0.1066339 -0.2717166 0
-0.10788 0.9941096 0.01039222 0
0.2712243 0.01937314 0.9623212 0
-0.02924585 1.021637 -0.001366174 1

0.9977276 -0.001375616 -0.06736366 0
0.001389772 0.9999989 0.0001626015 0
0.06736334 -0.0002558455 0.9977285 0
0.1394713 0.001292586 -0.0371746 1

0.9977277 -0.001375616 -0.06736363 0
0.002027057 0.9999518 0.009602815 0
0.06734712 -0.009717533 0.9976823 0
0.1253868 0.158798 -0.1210309 1

0.9839008 0.06973721 -0.1645483 0
-0.03400568 0.9769568 0.2107105 0
0.1754509 -0.2017226 0.9636 0
0.1125361 0.5474876 0.006357498 1

0.9439895 0.1018394 -0.3138672 0
-0.1438053 0.9830715 -0.1135361 0
0.2969915 0.1523126 0.9426542 0
0.05248998 0.9700565 -0.0582673 1

0.9953452 -0.08924466 -0.03638011 0
0.08747672 0.995029 -0.04759578 0
0.04044691 0.04419175 0.998204 0
-0.3453608 0.0154171 0.03775895 1

0.9953452 -0.08924467 -0.03637993 0
0.08733352 0.9948668 -0.05111564 0
0.04075494 0.04770051 0.9980299 0
-0.3266093 0.1663988 -0.05653386 1

0.9428555 -0.3257978 -0.06985186 0
0.3330094 0.9142494 0.2307658 0
-0.01132095 -0.2408402 0.9704988 0
-0.1852957 0.5262097 0.07777561 1

0.9826398 -0.160894 -0.0923692 0
0.1470458 0.9790249 -0.1410235 0
0.1131216 0.1249928 0.9856878 0
-0.1298725 0.9477974 0.003354928 1

0.06401357 -0.9540015 0.2928892 0
0.3913305 -0.2459883 -0.886764 0
0.9180214 0.1713813 0.357583 0
-0.2886333 0.9152344 0.044295 1

-0.4357895 -0.09376094 0.8951518 0
0.1269737 -0.9910171 -0.0419872 0
0.8910475 0.09536301 0.4437799 0
-0.2949165 0.9138829 0.05720201 1

-0.3445536 0.8951943 0.282684 0
-0.4306746 -0.4182974 0.7997166 0
0.8341478 0.1538003 0.5296633 0
-0.3043492 0.9383906 0.06494098 1

0.06643829 -0.7863271 0.6142276 0
0.19348 -0.5937511 -0.781041 0
0.9788522 0.1707317 0.1126908 0
-0.2747214 0.9053705 0.04827697 1

-0.2587131 0.2192694 0.9407381 0
0.07716299 -0.9660918 0.2463995 0
0.9628673 0.1363368 0.233021 0
-0.2801334 0.9102513 0.06938889 1

-0.2828138 0.9025133 0.3247865 0
-0.1943417 -0.3855041 0.9020076 0
0.9392805 0.1919805 0.2844217 0
-0.2886627 0.9374709 0.07918413 1

0.002008468 -0.6310543 0.775736 0
0.2161105 -0.7571321 -0.6164796 0
0.9763669 0.1688828 0.1348566 0
-0.2521243 0.8989705 0.06747669 1

-0.2928959 0.4638021 0.8361219 0
0.01653345 -0.8718849 0.4894316 0
0.9560015 0.1571765 0.2477031 0
-0.2581454 0.9085057 0.08466522 1

-0.2617655 0.9629632 0.06465985 0
-0.2690923 -0.1371591 0.953298 0
0.9268595 0.2321409 0.2950292 0
-0.2656905 0.9362618 0.08652934 1

-0.0831683 -0.3112582 0.9466792 0
0.1624881 -0.9414928 -0.295278 0
0.9831994 0.1292661 0.128878 0
-0.2337702 0.9085374 0.07820272 1

-0.2474544 0.6247033 0.7406163 0
-0.001850069 -0.7646923 0.644393 0
0.9688979 0.1580875 0.1903822 0
-0.2386447 0.9208429 0.09279204 1

-0.2185568 0.9668245 -0.132225 0
-0.2480163 0.07601515 0.9657689 0
0.9437802 0.2438692 0.2231744 0
-0.244316 0.9459293 0.08936132 1

0.2502686 0.6567924 -0.7113293 0
-0.4234374 0.73497 0.5296417 0
0.8706704 0.1686507 0.4620503 0
-0.2303722 0.9427829 0.0608215 1

0.2318372 0.8308066 -0.5059761 0
-0.2919809 0.5555968 0.7784984 0
0.9279003 -0.03274968 0.3713875 0
-0.2450458 0.9791359 0.05240759 1

0.2206599 0.8105047 -0.5425785 0
-0.2547082 0.5848722 0.7700965 0
0.9415058 -0.03173036 0.3354998 0
-0.2560516 1.006454 0.04557706 1

-0.1833629 0.8854195 -0.4270951 0
-0.3744887 0.3387868 0.8631234 0
0.9089205 0.318207 0.2694585 0
-0.2866812 1.037621 0.03763772 1

-0.3670282 0.8000686 -0.474532 0
-0.5302438 0.2391949 0.8134048 0
0.7642853 0.5501601 0.33644 0
-0.3714519 1.22241 -0.0719628 1

0.6631632 0.7147591 0.2221125 0
-0.530241 0.2391977 0.8134056 0
0.5282605 -0.6571941 0.5376217 0
-0.2084875 1.398054 -0.01738055 1

0.9957674 -0.01182649 0.09114575 0
-0.003339544 0.9863763 0.1644703 0
-0.09184927 -0.1640786 0.9821619 0
-0.1244239 1.410233 0.01867821 1

0.1245044 -0.8836976 -0.4511962 0
-0.9430382 -0.2467803 0.2231112 0
-0.308509 0.3977168 -0.8640856 0
0.02775233 1.41808 0.2556123 1

-0.766262 -0.634855 -0.09900145 0
-0.5787945 0.6151074 0.5353879 0
-0.2789972 0.467549 -0.8387842 0
0.03880083 1.427234 0.2570392 1

-0.8756508 0.3047195 0.3746756 0
0.4412271 0.8202012 0.3641274 0
-0.1963526 0.4841655 -0.8526604 0
0.06277336 1.418891 0.2467816 1

-0.1018157 -0.9824641 -0.1561992 0
-0.9070845 0.02721845 0.4200682 0
-0.4084503 0.1844554 -0.893949 0
0.01497605 1.433276 0.2477431 1

-0.8436865 -0.5028417 0.1879985 0
-0.4037463 0.8251464 0.3951236 0
-0.3538109 0.2574568 -0.8991852 0
0.03365632 1.444659 0.243236 1

-0.8481239 0.3703365 0.3788625 0
0.4369842 0.8933169 0.1050225 0
-0.2995505 0.2546291 -0.9194747 0
0.05923519 1.433489 0.2318094 1

-0.172857 -0.9802827 -0.095741 0
-0.9211391 0.1264758 0.3681121 0
-0.3487449 0.1518216 -0.924839 0
0.006574869 1.453414 0.2262727 1

-0.9283431 -0.2978715 0.2223767 0
-0.2291713 0.929639 0.2885348 0
-0.2926763 0.216897 -0.9312876 0
0.02565949 1.459538 0.2217008 1

-0.7678695 0.5638304 0.3040922 0
0.5995934 0.7996925 0.03130175 0
-0.2255312 0.2063673 -0.9521284 0
0.04779261 1.443286 0.2129357 1

-0.5680134 -0.7846105 0.24849 0
-0.7231049 0.6199535 0.3045939 0
-0.3930396 -0.006671015 -0.9194973 0
0.005074993 1.460062 0.2025572 1

-0.9334661 -0.03223845 0.3572139 0
