MeshAnim
1
115
53
30
0.9967512 0.03739476 -0.07133433 0
-0.04497797 0.9931495 -0.107848 0
0.06681271 0.1107061 0.9916049 0
0.008251719 0.8460113 0.008135526 1

0.9905434 0.07906642 -0.1121267 0
-0.1256784 0.8507193 -0.510374 0
0.05503491 0.5196394 0.8526112 0
0.1057489 0.8171055 0.004793456 1

0.926373 -0.2910923 0.2389526 0
0.3676448 0.8365817 -0.4061632 0
-0.08167239 0.4641083 0.8820052 0
-0.08630095 0.8099005 0.01853785 1

0.9997094 -0.02149205 0.01092277 0
0.0181815 0.9696445 0.2438424 0
-0.01583188 -0.243573 0.9697533 0
0.005155633 0.9393884 0.01382405 1

0.9877297 0.1503298 0.04231985 0
-0.1529662 0.8766184 0.4562252 0
0.03148591 -0.4571009 0.8888574 0
0.1572643 0.4609098 0.208716 1

0.9215337 -0.3803214 0.07830351 0
0.3267004 0.8684063 0.3730112 0
-0.2098634 -0.3181606 0.9245168 0
-0.2376638 0.4600177 0.1791149 1

0.9987696 -0.03280085 0.03719439 0
0.01716153 0.9322821 0.3613245 0
-0.04652742 -0.3602417 0.931698 0
0.008137077 1.097398 0.05185231 1

0.9999063 7.450581E-09 0.01369271 0
-2.235174E-08 1 -1.392327E-07 0
-0.01369272 -3.282912E-08 0.9999062 0
0.217109 0.1220292 0.01276574 1

0.9976007 -3.352761E-08 0.06923128 0
2.235174E-08 1 -1.799781E-07 0
-0.06923121 1.476146E-07 0.9976006 0
-0.3633809 0.1220375 0.01546138 1

0.9969919 -0.0471567 0.06151103 0
0.01245865 0.8808015 0.4733218 0
-0.07649929 -0.4711317 0.8787392 0
0.01107912 1.229213 0.08909532 1

0.9999063 -1.490116E-08 0.01369271 0
3.352761E-08 1 -1.229346E-06 0
-0.01369271 1.027016E-06 0.9999063 0
0.2178079 9.846687E-05 0.09560574 1

0.9976007 -3.72529E-09 0.06923125 0
0.004228957 0.9981326 -0.06093797 0
-0.06910193 0.06108449 0.9957377 0
-0.3672863 0.0001065731 0.09821214 1

0.9983226 -0.05788913 -0.001028113 0
0.0514444 0.8787533 0.4744958 0
-0.02656467 -0.4737528 0.880257 0
0.07646737 1.333917 0.1077568 1

0.9932172 0.03516421 0.1108306 0
-0.08353946 0.8788002 0.4698206 0
-0.08087705 -0.4758927 0.8757768 0
-0.04600734 1.339709 0.1002006 1

0.9975708 -0.06324671 0.02918992 0
0.04045196 0.8671435 0.4964132 0
-0.05670836 -0.4940266 0.8675954 0
0.01613899 1.37196 0.1165183 1

0.2218487 -0.9088584 0.3532135 0
0.4270277 0.4162135 0.8027538 0
-0.8766016 -0.027258 0.480444 0
0.1664507 1.327409 0.0865958 1

0.5902221 0.7408546 0.3205813 0
-0.7957242 0.4671112 0.3855258 0
0.1358715 -0.4826402 0.8652151 0
-0.1332059 1.335292 0.0692688 1

0.9969121 -0.07844614 -0.00355795 0
0.06892817 0.8524504 0.5182445 0
-0.03762128 -0.5168895 0.855225 0
0.01736899 1.405015 0.1461045 1

-0.9001548 0.2799485 0.3336923 0
0.4270279 0.4162129 0.8027541 0
0.08584274 0.8650987 -0.4942017 0
0.227874 1.075773 0.18439 1

-0.5026658 -0.1542492 -0.8506083 0
-0.795724 0.4671116 0.3855258 0
0.3378621 0.87064 -0.3575407 0
-0.2966207 1.130171 -0.0194906 1

0.9950163 -0.09272565 -0.03666955 0
0.09783243 0.836751 0.5387734 0
-0.01927482 -0.5396758 0.8416523 0
0.01982148 1.434903 0.1743145 1

-0.7205131 0.2058003 0.6621988 0
0.4082035 0.8978341 0.1651186 0
-0.5605632 0.389282 -0.7309093 0
-0.02303316 1.153806 0.2774026 1

-0.2906603 0.3467811 -0.8917733 0
-0.2945642 0.8543164 0.428224 0
0.9103564 0.3871523 -0.1461664 0
-0.1565087 1.173167 0.2176061 1

-0.2887289 -0.9320723 -0.2188089 0
-0.8048629 0.1125325 0.5826941 0
-0.5184897 0.3443517 -0.7826815 0
-0.0789422 1.162717 0.3599502 1

-0.3149597 -0.9255198 -0.2102709 0
-0.7961726 0.1370475 0.5893449 0
-0.5166333 0.3530317 -0.7800376 0
-0.08679169 1.175825 0.3511445 1

-0.2728574 -0.9370857 -0.2177593 0
-0.8086444 0.1007705 0.5796031 0
-0.5211942 0.3342387 -0.7852651 0
-0.09903969 1.185042 0.3389489 1

-0.2645169 -0.9373881 -0.2265713 0
-0.8122205 0.08988145 0.5763849 0
-0.5199317 0.3364893 -0.7851406 0
-0.1090853 1.189679 0.3247293 1

-0.654483 0.1774734 0.7349525 0
-0.1900512 0.9022341 -0.3871105 0
-0.7318009 -0.3930359 -0.5567676 0
-0.0590882 1.160363 0.2741561 1

-0.1891923 0.8768808 0.4419127 0
0.3704322 -0.3530527 0.8591473 0
0.9093881 0.3262428 -0.2580298 0
-0.1512648 1.128705 0.3071327 1

-0.2708431 0.8564438 0.4394865 0
0.3612049 -0.332773 0.8710876 0
0.8922866 0.3946728 -0.2192222 0
-0.138116 1.140076 0.3100973 1

-0.2362332 0.8449982 0.4797627 0
0.3762172 -0.3756908 0.8469459 0
0.89591 0.3805718 -0.229152 0
-0.1035386 1.153109 0.3054899 1

-0.2385727 0.8504442 0.4688585 0
0.3726656 -0.3656613 0.8528848 0
0.8967742 0.3782026 -0.2296943 0
-0.1200872 1.147735 0.3101663 1

0.06502986 0.3338854 -0.940368 0
0.3111805 0.8885863 0.3370189 0
0.9481235 -0.3145403 -0.04611379 0
-0.1235482 1.166165 0.2323737 1

0.8648987 0.09046061 -0.4937278 0
-0.08942939 -0.9401182 -0.3289078 0
-0.4939158 0.3286257 -0.8050172 0
-0.08734859 1.133852 0.3526051 1

0.8535058 0.07500444 -0.5156574 0
-0.1082388 -0.9424838 -0.3162428 0
-0.5097181 0.3257289 -0.7962964 0
-0.09730316 1.139734 0.3419612 1

0.8553736 0.04046214 -0.5164291 0
-0.1366763 -0.9439892 -0.3003415 0
-0.4996557 0.3274875 -0.8019327 0
-0.1097989 1.148099 0.3295487 1

0.8582667 0.0707802 -0.5082996 0
-0.1101728 -0.9419404 -0.3171916 0
-0.5012388 0.3282357 -0.8006377 0
-0.1192292 1.154848 0.3158666 1

-0.185207 0.3756572 0.9080639 0
-0.8968945 0.3130102 -0.3124181 0
-0.4015955 -0.8722996 0.2789531 0
-0.09996743 1.144369 0.2866361 1

0.4307272 -0.4731966 0.7684785 0
0.1763882 -0.790954 -0.5859005 0
0.8850772 0.387914 -0.2572189 0
-0.1455411 1.1019 0.2927627 1

0.4104189 -0.4620521 0.7861706 0
0.1846463 -0.8021594 -0.5678433 0
0.8930075 0.3782172 -0.243905 0
-0.1284995 1.107583 0.2914126 1

0.4188175 -0.4574624 0.7844235 0
0.1868189 -0.8019496 -0.5674291 0
0.8886456 0.3841945 -0.2504077 0
-0.09425827 1.121752 0.2874576 1

0.4145035 -0.4312438 0.8013836 0
0.19912 -0.8162808 -0.5422521 0
0.8879968 0.3843368 -0.2524818 0
-0.1102395 1.114471 0.29105 1

0.8911801 0.1901197 -0.4118893 0
0.2360253 0.5810651 0.778881 0
0.3874151 -0.7913396 0.4729605 0
-0.1015405 1.135704 0.258267 1

0.5677387 0.8211427 0.05829153 0
0.6827604 -0.4301345 -0.5906121 0
-0.4599036 0.3751126 -0.8048473 0
-0.06385897 1.136993 0.3391877 1

0.5707797 0.8206747 0.02653077 0
0.6714182 -0.4478845 -0.5904214 0
-0.4726612 0.3548138 -0.806659 0
-0.07215832 1.143096 0.3275979 1

0.5891781 0.8078056 -0.01788541 0
0.6453509 -0.4837796 -0.5911682 0
-0.4862014 0.3367609 -0.8063501 0
-0.08505357 1.151409 0.3154137 1

0.5697584 0.8215411 0.02110849 0
0.6692544 -0.4489311 -0.5920806 0
-0.4769423 0.3514701 -0.8056023 0
-0.09441467 1.158167 0.3016922 1

0.1639923 0.6884708 0.7064803 0
-0.9855147 0.08296871 0.1479095 0
0.04321561 -0.7205029 0.6921043 0
-0.107942 1.138705 0.3184952 1

0.3862156 -0.9196998 -0.07064325 0
-0.2646245 -0.03710743 -0.9636375 0
0.8836355 0.3908659 -0.2577063 0
-0.1571757 1.115379 0.2721567 1

0.4018862 -0.915688 0.001817057 0
-0.2367009 -0.1058021 -0.9658046 0
0.884568 0.3877136 -0.2592642 0
-0.1409535 1.122012 0.2693543 1

0.3916217 -0.916273 -0.08412258 0
-0.2693458 -0.02673768 -0.9626726 0
0.8798213 0.3996614 -0.2572652 0
-0.1065487 1.135992 0.2656896 1

0.4012523 -0.9154981 -0.02932935 0
-0.2481194 -0.07781348 -0.9655993 0
0.881722 0.3947261 -0.2583755 0
-0.1224956 1.128672 0.2693424 1

0.9991746 0.02820869 0.02924465 0
-0.03979842 0.5343955 0.8442973 0
0.008188244 -0.8447641 0.5350766 0
-0.1212244 1.114193 0.2744071 1

0.9948591 0.04424573 -0.09109187 0
-0.05260548 0.994413 -0.09151763 0
0.08653368 0.09583908 0.9916283 0
-0.001773651 0.8463767 0.007246417 1

0.9849944 0.09443352 -0.1444587 0
-0.1555673 0.8482493 -0.506233 0
0.0747316 0.5211097 0.8502116 0
0.09579089 0.8180895 0.001466412 1

0.9352235 -0.283728 0.2117912 0
0.3489452 0.839919 -0.4156602 0
-0.059953 0.4626386 0.8845175 0
-0.09589437 0.8095645 0.01901761 1

0.9997665 -0.0140234 -0.01644501 0
0.01729846 0.9753662 0.2199124 0
0.01295599 -0.2201456 0.975381 0
-0.005262449 0.9396359 0.014442 1

0.9883072 0.1507513 0.02286506 0
-0.1449981 0.8828294 0.4467525 0
0.04716256 -0.4448442 0.8943654 0
0.1595023 0.4629031 0.2036965 1

0.9287535 -0.3662373 0.0573352 0
0.3179424 0.8665193 0.3847817 0
-0.1906035 -0.3391379 0.9212252 0
-0.2397058 0.4583138 0.1835013 1

0.9998266 -0.0138391 0.01247025 0
0.008834993 0.9416053 0.3366024 0
-0.01640034 -0.3364339 0.9415643 0
-0.002472209 1.098537 0.04857136 1

0.9999944 -0.001024004 0.003197744 0
0.001021408 0.9999992 0.0008185189 0
-0.003198601 -0.0008152677 0.9999945 0
0.215922 0.1213521 0.01140053 1

0.9968578 0.0002773181 0.0792122 0
-0.0001530014 0.9999987 -0.001575038 0
-0.07921258 0.001558019 0.9968566 0
-0.3622939 0.121443 0.01525101 1

0.9990472 -0.0169877 0.04020248 0
-0.002838848 0.8938959 0.4482657 0
-0.04355185 -0.4479527 0.8929958 0
-0.001055205 1.231316 0.08231486 1

0.9999944 -0.001023974 0.003197759 0
0.001018152 0.9999979 0.001828926 0
-0.003199644 -0.001825595 0.9999931 0
0.2173657 -0.0006480813 0.09412877 1

0.9968578 0.0002772547 0.0792122 0
0.003307074 0.9989762 -0.04511578 0
-0.07914367 0.0452361 0.9958364 0
-0.3670087 -0.0003581643 0.09815054 1

0.9998665 -0.01599273 0.003355466 0
0.01277996 0.8932776 0.4493234 0
-0.01018326 -0.4492206 0.8933629 0
0.0616511 1.338326 0.09657475 1

0.9977403 0.04322618 0.05143715 0
-0.06184848 0.8899848 0.4517764 0
-0.02624971 -0.4539368 0.8906472 0
-0.06107608 1.340413 0.09163611 1

0.9993107 -0.03641295 0.007235415 0
0.02876023 0.8825501 0.4693378 0
-0.0234756 -0.4688061 0.882989 0
0.0004471601 1.374871 0.10564 1

0.1873939 -0.8720828 0.4520567 0
0.4563824 0.4848195 0.7460999 0
-0.8698267 0.06649608 0.4888555 0
0.1519103 1.334998 0.07585432 1

0.6173106 0.7692207 0.1650058 0
-0.7711481 0.5501098 0.3204839 0
0.1557516 -0.3250821 0.9327719 0
-0.1499037 1.33475 0.06599517 1

0.9981416 -0.05502649 -0.02617709 0
0.06079514 0.8701109 0.4890918 0
-0.004136033 -0.4897745 0.8718395 0
0.001477775 1.408828 0.1341937 1

-0.8897508 0.2558916 0.3779726 0
0.4563824 0.4848196 0.7460999 0
0.007672146 0.836343 -0.548153 0
0.203794 1.093544 0.2010153 1

-0.5100597 -0.2325687 -0.8281008 0
-0.771148 0.5501098 0.320484 0
0.3810119 0.802054 -0.4599337 0
-0.3208185 1.121776 0.02031 1

0.9955426 -0.07279172 -0.05996892 0
0.09320267 0.8566007 0.5074921 0
0.01442819 -0.5108194 0.859567 0
0.003890247 1.439659 0.1613725 1

-0.6828179 0.2654143 0.6806728 0
0.4131356 0.9086834 0.06011491 0
-0.6025603 0.3222578 -0.7301172 0
-0.04421312 1.164871 0.3063705 1

-0.2883014 0.2748465 -0.9172468 0
-0.196728 0.9204838 0.3376503 0
0.9371128 0.2777932 -0.2113068 0
-0.1786457 1.186602 0.251133 1

-0.2967421 -0.9477416 -0.1171775 0
-0.771134 0.1654318 0.6148049 0
-0.5632912 0.2727981 -0.779926 0
-0.09540789 1.181249 0.3908108 1

-0.3224759 -0.9404202 -0.1077933 0
-0.762184 0.1904387 0.6187158 0
-0.5613245 0.2816794 -0.7781848 0
-0.1037967 1.193517 0.3813177 1

-0.280816 -0.9526551 -0.1165802 0
-0.7750349 0.1534424 0.6130061 0
-0.566095 0.2624958 -0.78143 0
-0.1167521 1.201607 0.3690538 1

-0.2729853 -0.9537593 -0.1257872 0
-0.7787417 0.1423107 0.6109905 0
-0.564837 0.2647472 -0.7815806 0
-0.1276039 1.204951 0.3550658 1

-0.6126673 0.2437067 0.7518284 0
-0.2153632 0.8637931 -0.4555005 0
-0.7604327 -0.4409862 -0.4767323 0
-0.08042093 1.171142 0.3045924 1

-0.08926915 0.9339493 0.3460778 0
0.3658978 -0.2924182 0.8835217 0
0.9263638 0.2055002 -0.3156261 0
-0.1744295 1.151815 0.3448955 1

-0.1725234 0.9214821 0.3480038 0
0.3590681 -0.2701559 0.8933564 0
0.9172273 0.2790819 -0.2842666 0
-0.1601645 1.162095 0.346242 1

-0.1377311 0.9111317 0.3884189 0
0.3690702 -0.3167039 0.8737769 0
0.9191396 0.2636999 -0.2926515 0
-0.1246953 1.171095 0.3393405 1

-0.1399337 0.9155659 0.3770383 0
0.3667003 -0.3057896 0.8786489 0
0.9197553 0.2612124 -0.292948 0
-0.1415002 1.167909 0.3450025 1

0.06259249 0.2219119 -0.9730557 0
0.4058737 0.8850456 0.2279487 0
0.9117834 -0.4092057 -0.03467102 0
-0.1459883 1.178043 0.2657529 1

0.8352526 0.04470532 -0.5480465 0
-0.1039464 -0.9658815 -0.2372089 0
-0.5399524 0.2550969 -0.802108 0
-0.1040954 1.151848 0.3865861 1

0.8227039 0.02734379 -0.5678127 0
-0.1220006 -0.9670762 -0.2233375 0
-0.5552249 0.2530141 -0.792281 0
-0.1146597 1.156754 0.3760358 1

0.8246688 -0.007128887 -0.5655713 0
-0.1494881 -0.9671133 -0.2057808 0
-0.5455043 0.2542473 -0.7986135 0
-0.1278711 1.163977 0.3636472 1

0.8278902 0.02379639 -0.5603857 0
-0.1239874 -0.966619 -0.2242207 0
-0.5470149 0.2551109 -0.7973039 0
-0.1380869 1.169472 0.3499683 1

-0.1351934 0.4562587 0.8795175 0
-0.9144015 0.2843893 -0.2880853 0
-0.3815666 -0.8431792 0.3787563 0
-0.1204632 1.156379 0.3207582 1

0.4112443 -0.4270218 0.8053141 0
0.07950705 -0.8633084 -0.4983748 0
0.9080513 0.2689818 -0.3210795 0
-0.1717909 1.123177 0.3334622 1

0.3927314 -0.412085 0.8221603 0
0.0873086 -0.8732451 -0.4793955 0
0.9154994 0.2600552 -0.3069723 0
-0.1543469 1.12698 0.3310579 1

0.401459 -0.4085585 0.8197017 0
0.08950478 -0.8732059 -0.4790623 0
0.9114932 0.2656909 -0.3139884 0
-0.1190812 1.137207 0.3246867 1

0.4002602 -0.3803589 0.833738 0
0.1012879 -0.885859 -0.4527632 0
0.9107867 0.2656706 -0.3160485 0
-0.1355412 1.131963 0.3294696 1

0.8898299 0.05593925 -0.4528505 0
0.3178193 0.6361361 0.7030802 0
0.3274044 -0.7695464 0.5482744 0
-0.1260513 1.148558 0.294316 1

0.5667012 0.8225111 -0.04822253 0
0.6501023 -0.4823357 -0.5871281 0
-0.5061788 0.3013767 -0.8080567 0
-0.08141425 1.153742 0.3716317 1

0.5679457 0.8191758 -0.07993273 0
0.6388631 -0.4999852 -0.5846959 0
-0.5189336 0.2810096 -0.8073052 0
-0.09038027 1.158782 0.3600274 1

0.5838597 0.8023329 -0.1239777 0
0.6129449 -0.5357764 -0.5807261 0
-0.5323596 0.2630711 -0.8046037 0
-0.1039775 1.165974 0.347893 1

0.5666163 0.8195502 -0.0853444 0
0.6366135 -0.5011752 -0.5861288 0
-0.5231344 0.277779 -0.8057106 0
-0.1141266 1.171475 0.3341702 1

0.2007596 0.7492687 0.6311036 0
-0.9759262 0.09691862 0.1953853 0
0.0852303 -0.6551362 0.7506883 0
-0.1266022 1.153622 0.3533983 1

0.2945425 -0.9553721 0.02256359 0
-0.3013553 -0.115263 -0.9465196 0
0.9068792 0.2719904 -0.3218563 0
-0.1828277 1.135418 0.3117825 1

0.3131127 -0.9450817 0.0937072 0
-0.2801626 -0.1861941 -0.941722 0
0.9074522 0.2686118 -0.3230763 0
-0.1661611 1.140084 0.3078503 1

0.2997619 -0.9539749 0.008654354 0
-0.3050351 -0.1044369 -0.9465975 0
0.9039338 0.2811138 -0.322302 0
-0.1307401 1.150139 0.3017842 1

0.3113824 -0.9482099 0.06275969 0
-0.2888629 -0.1573638 -0.9443488 0
0.9053173 0.2759246 -0.3229031 0
-0.1471675 1.144859 0.306631 1

0.9977542 -0.06697936 0.0007135272 0
0.04134011 0.6241326 0.780224 0
-0.05270419 -0.7784423 0.6255 0
-0.147093 1.130961 0.3132437 1

0.9925883 0.0510023 -0.1103048 0
-0.0592752 0.9955639 -0.07306862 0
0.1060888 0.0790654 0.9912083 0
-0.01246991 0.8492407 0.007436543 1

0.9779632 0.1100933 -0.1773906 0
-0.1853479 0.8489067 -0.4949783 0
0.09609427 0.5169495 0.8506051 0
0.08509418 0.8215668 -0.0007982804 1

0.9434079 -0.2754489 0.1846875 0
0.3291085 0.8462136 -0.4190586 0
-0.04085589 0.4561254 0.8889772 0
-0.1061535 0.8117399 0.02045479 1

0.9990806 -0.00589285 -0.04246473 0
0.01415447 0.9803055 0.196979 0
0.04046763 -0.1973989 0.9794877 0
-0.01626566 0.9423416 0.01632767 1

0.9882481 0.1528523 0.001395382 0
-0.1382637 0.8899602 0.4345734 0
0.0651837 -0.4296592 0.9006355 0
0.1609428 0.4661434 0.1967739 1

0.9354302 -0.3514221 0.03837486 0
0.309054 0.8656606 0.3938491 0
-0.171627 -0.3565585 0.9183738 0
-0.2419213 0.4579407 0.1863066 1

0.9999217 0.004066177 -0.01183503 0
-0.0001729196 0.9501379 0.3118299 0
0.01251287 -0.3118035 0.9500643 0
-0.01403201 1.102008 0.04672261 1

0.9999783 -0.002888329 -0.005917266 0
0.002905875 0.9999914 0.002950328 0
0.00590869 -0.002967439 0.9999782 0
0.214385 0.1215071 0.009189903 1

0.9960139 0.0007443689 0.08919482 0
-0.0004556887 0.9999946 -0.003256964 0
-0.08919678 0.003203397 0.9960089 0
-0.3613236 0.1217105 0.0145209 1

0.9997774 0.0105051 0.01829355 0
-0.01724804 0.9063563 0.422162 0
-0.01214562 -0.4223835 0.9063358 0
-0.0142173 1.235633 0.07697738 1

0.9999783 -0.002888273 -0.005917259 0
0.002912655 0.9999874 0.004113285 0
0.005905293 -0.004130475 0.9999741 0
0.2163531 -0.0006737113 0.09164017 1

0.9960139 0.0007443465 0.08919488 0
0.002197377 0.9994569 -0.03287809 0
-0.08917093 0.03294307 0.9954714 0
-0.36683 4.708767E-05 0.09757359 1

0.999669 0.02418588 0.008768395 0
-0.02562261 0.9054568 0.4236642 0
0.002307281 -0.4237486 0.9057767 0
0.04587466 1.34463 0.08672681 1

0.9987915 0.04866467 -0.006865568 0
-0.0409876 0.9018933 0.4300096 0
0.02711829 -0.4292086 0.9027982 0
-0.07694223 1.34334 0.08447954 1

0.9998229 -0.01164688 -0.0147802 0
0.01699159 0.8962985 0.4431255 0
0.008086435 -0.4432982 0.8963376 0
-0.01608204 1.379803 0.09609912 1

0.149835 -0.8228201 0.5481941 0
0.483704 0.544574 0.6851784 0
-0.8623108 0.1624999 0.4795977 0
0.1363194 1.344335 0.06655777 1

0.6345628 0.7728708 0.0007551834 0
-0.7489713 0.6146985 0.2473617 0
0.1907144 -0.1575322 0.968923 0
-0.167054 1.33661 0.06412134 1

0.9982857 -0.03300751 -0.04833507 0
0.05166514 0.8850081 0.4627 0
0.02750437 -0.4644041 0.8851963 0
-0.01526965 1.414594 0.123639 1

-0.8717609 0.2301196 0.4325253 0
0.4837036 0.5445755 0.6851775 0
-0.07786994 0.8065251 -0.5860492 0
0.1778043 1.11652 0.2183363 1

-0.5144036 -0.3041088 -0.8018149 0
-0.7489713 0.6146984 0.2473618 0
0.4176493 0.7277801 -0.5439718 0
-0.3427454 1.122625 0.06391223 1

0.9951688 -0.05353206 -0.08230025 0
0.08669991 0.8725064 0.4808487 0
0.04606669 -0.485661 0.8729324 0
-0.01295317 1.446243 0.1498697 1

-0.6430913 0.3214383 0.6950619 0
0.4123188 0.9101858 -0.03943547 0
-0.6453115 0.2612264 -0.7178675 0
-0.06518845 1.180663 0.3388974 1

-0.2850066 0.2068212 -0.9359468 0
-0.1043027 0.9639544 0.2447716 0
0.9528336 0.1673835 -0.2531613 0
-0.1993617 1.207392 0.2874083 1

-0.2992896 -0.9539338 -0.02089393 0
-0.7346935 0.2164222 0.6429521 0
-0.6088115 0.2077794 -0.7656213 0
-0.1114463 1.20402 0.4245363 1

-0.3244626 -0.9458386 -0.01066242 0
-0.7256304 0.2416593 0.6442526 0
-0.6067822 0.2167728 -0.7647385 0
-0.1204221 1.215466 0.4145668 1

-0.2833363 -0.9587948 -0.02082251 0
-0.7386446 0.2043284 0.6423815 0
-0.6116571 0.1973904 -0.7661021 0
-0.1341014 1.222525 0.4024524 1

-0.2760504 -0.9606639 -0.03034758 0
-0.7424182 0.1930712 0.641513 0
-0.610419 0.1996206 -0.7665117 0
-0.1457622 1.224709 0.3888928 1

-0.5688322 0.3056357 0.7635553 0
-0.2449424 0.8233042 -0.5120287 0
-0.7851325 -0.4782854 -0.3934588 0
-0.1014631 1.186797 0.3387221 1

0.004109468 0.9682101 0.2501048 0
0.3598354 -0.2347851 0.902992 0
0.9330067 0.08628595 -0.3493611 0
-0.1959759 1.181955 0.3841597 1

-0.07985701 0.9637462 0.2545908 0
0.3552917 -0.2111125 0.9106041 0
0.931338 0.1631723 -0.3255521 0
-0.1808114 1.190956 0.3842258 1

-0.04514801 0.9543355 0.2953063 0
0.3605573 -0.2601152 0.8957335 0
0.9316437 0.1469156 -0.3323488 0
-0.1448567 1.195901 0.3758891 1

-0.04722328 0.9577889 0.2835674 0
0.3593052 -0.2485948 0.8995001 0
0.9320244 0.1443647 -0.332399 0
-0.1617347 1.194867 0.3821078 1

0.05817302 0.1163535 -0.991503 0
0.4897181 0.8621491 0.1299061 0
0.8699378 -0.4931139 -0.00682646 0
-0.1672579 1.197363 0.302317 1

0.8017531 -0.001534864 -0.5976535 0
-0.1137366 -0.9821137 -0.1500555 0
-0.5867334 0.1882826 -0.7875872 0
-0.1202481 1.174377 0.4232712 1

0.7881444 -0.02046229 -0.6151506 0
-0.1309479 -0.9821406 -0.1351036 0
-0.6013997 0.1870337 -0.7767477 0
-0.1314278 1.178402 0.4129857 1

0.7903734 -0.05463287 -0.6101846 0
-0.1573666 -0.9807005 -0.1160305 0
-0.592069 0.18773 -0.7837166 0
-0.1453665 1.184586 0.400834 1

0.7937682 -0.02338717 -0.6077708 0
-0.1329845 -0.9817563 -0.1359039 0
-0.5935042 0.1887005 -0.7823969 0
-0.1563831 1.188939 0.3873667 1

-0.08558445 0.5276186 0.8451591 0
-0.9307423 0.260349 -0.2567826 0
-0.3555196 -0.8086019 0.4687953 0
-0.1404375 1.173457 0.3583614 1

0.3908767 -0.3801723 0.8382628 0
-0.01123298 -0.9126192 -0.4086569 0
0.9203745 0.1503184 -0.3609919 0
-0.1962205 1.152194 0.375675 1

0.3742136 -0.3619731 0.8537796 0
-0.003891643 -0.9212782 -0.3888846 0
0.9273342 0.1422034 -0.3461634 0
-0.1785695 1.154108 0.3726234 1

0.3831602 -0.359533 0.8508376 0
-0.001693193 -0.9214088 -0.3885913 0
0.9236803 0.1474523 -0.3536559 0
-0.1426933 1.160341 0.3646917 1

0.3848635 -0.3300771 0.8619333 0
0.009548645 -0.9323919 -0.3613228 0
0.9229241 0.1472904 -0.3556919 0
-0.1594358 1.157147 0.3702414 1

0.8797091 -0.07227801 -0.469987 0
0.3913759 0.6714095 0.6293126 0
0.2700681 -0.7375537 0.6189331 0
-0.1493623 1.16918 0.3334317 1

0.5596596 0.8152089 -0.149049 0
0.6167386 -0.529843 -0.5821513 0
-0.5535475 0.2338822 -0.7993025 0
-0.09848348 1.175008 0.4069139 1

0.5590697 0.8092589 -0.1803932 0
0.6057301 -0.5472209 -0.5776163 0
-0.566156 0.2136582 -0.7961268 0
-0.1081297 1.179077 0.3954754 1

0.5724599 0.7888138 -0.2237475 0
0.5802294 -0.5825384 -0.5691953 0
-0.5793304 0.1960166 -0.7911724 0
-0.1224386 1.185251 0.3836018 1

0.557426 0.8091849 -0.1857305 0
0.6034056 -0.5485236 -0.5788122 0
-0.570244 0.2105742 -0.7940283 0
-0.133391 1.189606 0.3700866 1

0.2341726 0.7987697 0.5541932 0
-0.9632766 0.1135986 0.2432975 0
0.1313831 -0.590815 0.7960379 0
-0.1446553 1.173417 0.39142 1

0.2074908 -0.9713879 0.1155559 0
-0.3339768 -0.1813721 -0.9249669 0
0.9194601 0.1533293 -0.362054 0
-0.2066418 1.163163 0.3530315 1

0.2286778 -0.9557667 0.1849768 0
-0.3191667 -0.2531166 -0.9132716 0
0.9196948 0.1498068 -0.362931 0
-0.1897247 1.16585 0.3483841 1

0.2124676 -0.9718828 0.1014973 0
-0.3366642 -0.1703149 -0.9260942 0
0.917341 0.1625946 -0.3633844 0
-0.153702 1.17193 0.3407712 1

0.225903 -0.9618133 0.1545419 0
-0.3252892 -0.2240156 -0.9186971 0
0.9182346 0.1572658 -0.3634732 0
-0.1704136 1.168704 0.3463875 1

0.98733 -0.1584801 -0.007965349 0
0.1169467 0.6928124 0.7115721 0
-0.1072516 -0.703488 0.7025681 0
-0.1714307 1.155593 0.3543848 1

0.9898784 0.05892164 -0.1291088 0
-0.06657687 0.9962199 -0.05579864 0
0.125333 0.06382953 0.9900593 0
-0.02352638 0.8545454 0.008745241 1

0.9695098 0.1256312 -0.2103984 0
-0.2138051 0.8531971 -0.4757542 0
0.1197417 0.5062327 0.8540436 0
0.07401565 0.827613 -0.001866408 1

0.950745 -0.2657331 0.1595925 0
0.3087974 0.8567725 -0.4130192 0
-0.02698158 0.4419578 0.8966299 0
-0.1167099 0.8162602 0.02300973 1

0.9977917 0.006365277 -0.06611439 0
0.005243592 0.9847416 0.1739436 0
0.0662128 -0.1739061 0.9825338 0
-0.02769231 0.9474665 0.01921163 1

0.9870476 0.1586182 -0.02402896 0
-0.1344655 0.899671 0.4153448 0
0.08749934 -0.4067339 0.9093467 0
0.161435 0.4705051 0.1877263 1

0.9413939 -0.336461 0.02390712 0
0.2995493 0.8664919 0.399327 0
-0.1550733 -0.3687627 0.9164967 0
-0.244194 0.4582129 0.1862996 1

0.9991184 0.02278079 -0.03525912 0
-0.01180284 0.9585039 0.2848353 0
0.0402848 -0.284168 0.9579279 0
-0.02694967 1.107815 0.04585734 1

0.9998994 -0.004812241 -0.01334631 0
0.004894692 0.9999691 0.006149086 0
0.01331625 -0.006213698 0.9998921 0
0.2129867 0.1216277 0.007601342 1

0.9951851 0.001282413 0.09800409 0
-0.00115528 0.9999984 -0.001353506 0
-0.09800562 0.001233763 0.995185 0
-0.3601246 0.1218643 0.01238118 1

0.999353 0.0356913 -0.004423857 0
-0.03110402 0.919484 0.391895 0
0.01805492 -0.3915039 0.9199993 0
-0.02908013 1.242224 0.07232852 1

0.9998994 -0.004812188 -0.01334629 0
0.004843146 0.9999856 0.002285055 0
0.01333506 -0.002349464 0.9999083 0
0.2153257 -0.0008229017 0.08964089 1

0.9951851 0.001282416 0.09800416 0
0.0009916127 0.9997315 -0.02315032 0
-0.09800749 0.02313596 0.9949166 0
-0.3662768 3.820658E-05 0.09514969 1

0.9979833 0.06158992 0.01536112 0
-0.06264953 0.916765 0.3944834 0
0.01021367 -0.3946503 0.9187746 0
0.02842868 1.352934 0.07708146 1

0.996489 0.05370961 -0.06422363 0
-0.02347201 0.9155638 0.4014874 0
0.08036456 -0.3985703 0.91361 0
-0.09433607 1.348549 0.07762491 1

0.9992493 0.01120699 -0.03708436 0
0.00520599 0.9097171 0.4151959 0
0.03838938 -0.4150772 0.908976 0
-0.03418272 1.386871 0.08665505 1

0.1086249 -0.7609341 0.6396717 0
0.5106089 0.5948147 0.6208654 0
-0.8529239 0.2591806 0.4531516 0
0.1189917 1.355365 0.05759895 1

0.6402504 0.749169 -0.1697799 0
-0.729589 0.6622198 0.1707778 0
0.240373 0.01452896 0.9705719 0
-0.1853901 1.340663 0.06256338 1

0.9974474 -0.01242949 -0.07031468 0
0.04200343 0.8984721 0.4370166 0
0.05774388 -0.4388545 0.8967009 0
-0.03360095 1.422506 0.1130999 1

-0.8417982 0.1987968 0.501852 0
0.5106084 0.594817 0.6208636 0
-0.1750845 0.7788918 -0.6022233 0
0.1490667 1.144685 0.2347049 1

-0.5124061 -0.3639486 -0.7778057 0
-0.7295892 0.6622196 0.170778 0
0.4529236 0.6549862 -0.6048581 0
-0.3626562 1.133241 0.1095704 1

0.9939517 -0.03516306 -0.1040369 0
0.07920261 0.8857735 0.4573098 0
0.07607269 -0.4627838 0.8832011 0
-0.03141389 1.454916 0.1383952 1

-0.598853 0.3727157 0.7088428 0
0.4083212 0.9035176 -0.1301148 0
-0.6889477 0.2115158 -0.6932621 0
-0.08557431 1.200098 0.3745901 1

-0.2806652 0.1440632 -0.9489326 0
-0.02284151 0.987389 0.1566572 0
0.9595339 0.06564348 -0.2738351 0
-0.2198293 1.234687 0.3263742 1

-0.2992297 -0.9518839 0.0661708 0
-0.6934345 0.2645732 0.6701863 0
-0.6554466 0.1546546 -0.7392373 0
-0.1264322 1.229694 0.4610425 1

-0.3237237 -0.9429855 0.07733991 0
-0.6843289 0.2898054 0.6691092 0
-0.6533736 0.1636804 -0.739129 0
-0.1360203 1.24043 0.4508553 1

-0.2832989 -0.9567856 0.06559907 0
-0.6974038 0.252484 0.6707307 0
-0.6583081 0.1442681 -0.7387943 0
-0.1504328 1.246653 0.4391395 1

-0.2766185 -0.9593585 0.05579817 0
-0.7012148 0.2412075 0.6709074 0
-0.6570996 0.1464588 -0.7394389 0
-0.1629166 1.247903 0.426209 1

-0.5204628 0.3615862 0.7735465 0
-0.2770047 0.7854237 -0.5535145 0
-0.8077047 -0.5023597 -0.3086227 0
-0.1217945 1.206336 0.3762295 1

0.08562591 0.983259 0.1608426 0
0.3525238 -0.1808916 0.9181533 0
0.9318773 -0.02191667 -0.3621111 0
-0.2171317 1.217893 0.4250151 1

0.001644764 0.9860762 0.166288 0
0.3500099 -0.1563375 0.9236082 0
0.9367446 0.05668355 -0.3453934 0
-0.2012921 1.225597 0.4241578 1

0.03605687 0.9775802 0.2074541 0
0.3511001 -0.2067476 0.9132276 0
0.9356434 0.03990929 -0.3506831 0
-0.1651778 1.226823 0.4151607 1

0.03410035 0.9801181 0.1954639 0
0.3508334 -0.1948707 0.9159374 0
0.9358167 0.03734178 -0.3505032 0
-0.1819943 1.227733 0.4215626 1

0.05329038 0.02128478 -0.9983523 0
0.5593607 0.8275623 0.04750128 0
0.8272095 -0.5609704 0.03219534 0
-0.1884294 1.223461 0.3419155 1

0.7630076 -0.04724033 -0.644661 0
-0.1220512 -0.9899149 -0.07191698 0
-0.6347622 0.1335549 -0.7610784 0
-0.1352715 1.200068 0.4624549 1

0.7483518 -0.06732213 -0.6598772 0
-0.1382986 -0.9888084 -0.05596098 0
-0.6487244 0.1331385 -0.749287 0
-0.1470729 1.203387 0.4526219 1

0.7509135 -0.1010574 -0.6526228 0
-0.1634804 -0.9859102 -0.03543583 0
-0.6398461 0.1333002 -0.7568541 0
-0.1617459 1.208737 0.4409476 1

0.7544264 -0.06973165 -0.6526703 0
-0.1403815 -0.988475 -0.05665894 0
-0.6411972 0.1343678 -0.7555206 0
-0.1735826 1.212154 0.4279136 1

-0.0332548 0.5870782 0.808847 0
-0.9451307 0.2446903 -0.2164593 0
-0.3249956 -0.7716644 0.5467286 0
-0.1594603 1.194578 0.399158 1

0.3708331 -0.3335705 0.8667259 0
-0.09049624 -0.9418061 -0.3237468 0
0.9242799 0.04162089 -0.3794397 0
-0.219893 1.187606 0.4192782 1

0.3559118 -0.3127483 0.8806336 0
-0.08359653 -0.9492153 -0.3033185 0
0.930773 0.03433695 -0.3639815 0
-0.2021901 1.187792 0.4159449 1

0.3649833 -0.3113208 0.8774207 0
-0.08141182 -0.9494975 -0.3030295 0
0.9274478 0.0391685 -0.3718958 0
-0.1660446 1.19034 0.4072345 1

0.3692105 -0.2812211 0.8857757 0
-0.07070564 -0.958855 -0.274951 0
0.9266521 0.03888565 -0.3739032 0
-0.1829095 1.189035 0.4131659 1

0.8642764 -0.1858447 -0.4674272 0
0.4530666 0.6913149 0.562863 0
0.2185341 -0.6982449 0.6816871 0
-0.1724225 1.196836 0.3753455 1

0.5486326 0.8004006 -0.2415807 0
0.5797483 -0.5724047 -0.5798659 0
-0.6024069 0.1780774 -0.7780709 0
-0.1145675 1.199447 0.4447739 1

0.5460981 0.7922241 -0.2723203 0
0.5690576 -0.5893734 -0.5734221 0
-0.6147767 0.1581787 -0.7726768 0
-0.1249101 1.202723 0.4336945 1

0.5567811 0.768679 -0.3148456 0
0.5441592 -0.623904 -0.5609232 0
-0.6276029 0.1409851 -0.7656616 0
-0.1399353 1.208083 0.422321 1

0.5441256 0.7917742 -0.2775263 0
0.5666642 -0.5907496 -0.5743747 0
-0.6187237 0.1552678 -0.7701125 0
-0.151711 1.211499 0.4092349 1

0.2675535 0.8355354 0.4798915 0
-0.9463614 0.1342365 0.2939058 0
0.1811497 -0.5327863 0.8266341 0
-0.1616126 1.19692 0.4323325 1

0.1301946 -0.9706646 0.2021389 0
-0.3605825 -0.2362684 -0.9023071 0
0.9235961 0.0445881 -0.3807654 0
-0.2297168 1.197301 0.3958013 1

0.1535533 -0.9506219 0.2697024 0
-0.3514346 -0.3076321 -0.8842264 0
0.9235339 0.04099329 -0.3813193 0
-0.212706 1.19817 0.3908133 1

0.1349155 -0.9728298 0.1881501 0
-0.3623862 -0.2251759 -0.9044184 0
0.9222114 0.05383734 -0.3829197 0
-0.1764222 1.200581 0.3824332 1

0.1498692 -0.9591435 0.2399644 0
-0.3552697 -0.2787377 -0.8922381 0
0.9226715 0.04846724 -0.3825288 0
-0.193258 1.199248 0.3884336 1

0.9711452 -0.2384896 -0.0002178326 0
0.1824469 0.7423471 0.6446971 0
-0.1535918 -0.6261342 0.7644382 0
-0.1952143 1.187039 0.3975987 1

0.9866201 0.06913193 -0.1476535 0
-0.07622896 0.9961647 -0.04295358 0
0.1441178 0.05363434 0.988106 0
-0.03463089 0.862137 0.01116016 1

0.9590898 0.1412456 -0.2453494 0
-0.2403687 0.8641365 -0.4421435 0
0.1495646 0.4830297 0.8627356 0
0.06291317 0.83619 -0.001658498 1

0.9571628 -0.2543129 0.1384353 0
0.2888218 0.8724574 -0.3942081 0
-0.02052672 0.4173045 0.9085349 0
-0.1271846 0.82287 0.02679076 1

0.9959137 0.02606338 -0.0864668 0
-0.01286097 0.9886227 0.1498659 0
0.08938905 -0.1481415 0.9849181 0
-0.03939109 0.9548922 0.02278087 1

0.9840423 0.168566 -0.05697452 0
-0.133059 0.9097116 0.393345 0
0.118135 -0.3794873 0.9176239 0
0.1610683 0.4747525 0.1739608 1

0.9467142 -0.3216991 0.01555169 0
0.2884694 0.8684196 0.4032777 0
-0.1432394 -0.3773026 0.9149455 0
-0.2464615 0.4585427 0.1822009 1

0.9973895 0.04395016 -0.05729336 0
-0.02805158 0.9669498 0.2534192 0
0.06653761 -0.2511505 0.9656584 0
-0.04162955 1.115829 0.04550905 1

0.9997324 -0.007452071 -0.0218969 0
0.007876813 0.9997813 0.01937466 0
0.02174775 -0.01954203 0.9995725 0
0.2115313 0.121428 0.002399624 1

0.9945093 0.001729295 0.1046344 0
-0.002909735 0.999934 0.01113038 0
-0.1046082 -0.01137363 0.9944484 0
-0.358215 0.121578 0.00674755 1

0.9978881 0.05863321 -0.02795267 0
-0.04496915 0.9341368 0.3540713 0
0.04687197 -0.3520665 0.9348006 0
-0.04631555 1.250963 0.06759529 1

0.9997324 -0.007452041 -0.02189691 0
0.007475428 0.9999716 0.000985384 0
0.02188896 -0.001148764 0.9997599 0
0.2142047 -0.002108395 0.08278432 1

0.9945092 0.001729317 0.1046345 0
-0.0005247667 0.9999334 -0.01153792 0
-0.1046475 0.01141977 0.9944438 0
-0.3647013 -0.001283705 0.08794501 1

0.9951639 0.0953671 0.0235298 0
-0.09744931 0.9284584 0.3584253 0
0.01233554 -0.3589849 0.9332618 0
0.008597765 1.363078 0.06648896 1

0.9908916 0.05982687 -0.1206423 0
-0.01203176 0.931641 0.3631808 0
0.1341233 -0.3584214 0.923875 0
-0.113987 1.355875 0.06992278 1

0.9977063 0.03199462 -0.05965403 0
-0.006743876 0.9238472 0.3827022 0
0.06735561 -0.381422 0.9219437 0
-0.05459702 1.395927 0.07602835 1

0.05820928 -0.686982 0.7243392 0
0.5416299 0.6312284 0.5551468 0
-0.8385993 0.3600091 0.4088333 0
0.09925564 1.367788 0.04788501 1

0.6210461 0.70434 -0.3438127 0
-0.7196388 0.6862264 0.1058938 0
0.3105186 0.1816561 0.9330482 0
-0.2056277 1.346539 0.06019195 1

0.9957294 0.006345324 -0.09210114 0
0.03208799 0.911647 0.4097196 0
0.08656354 -0.4109254 0.9075502 0
-0.05426539 1.432487 0.1011832 1

-0.7937288 0.1665519 0.5850257 0
0.5416299 0.6312288 0.5551462 0
-0.2768245 0.757503 -0.5912339 0
0.1153721 1.177583 0.2484329 1

-0.5049807 -0.4125775 -0.7581387 0
-0.7196388 0.6862264 0.1058938 0
0.4765652 0.5990604 -0.6434376 0
-0.3775767 1.151528 0.1553834 1

0.9919633 -0.01824402 -0.1252044 0
0.07141955 0.8975689 0.4350513 0
0.1044424 -0.4404968 0.8916582 0
-0.05223016 1.465667 0.1254725 1

-0.5461217 0.4252741 0.7217293 0
0.4131363 0.8862233 -0.2095869 0
-0.7287452 0.1837126 -0.659682 0
-0.1058702 1.224007 0.4115016 1

-0.2891162 0.0877707 -0.9532618 0
0.03186094 0.9961186 0.08205356 0
0.9567636 -0.006648824 -0.2907904 0
-0.2368195 1.266529 0.3667053 1

-0.3091523 -0.9403701 0.1418775 0
-0.6446685 0.3168996 0.6956849 0
-0.699162 0.1236086 -0.7041971 0
-0.1406146 1.25942 0.498439 1

-0.3327353 -0.9303573 0.1540218 0
-0.6352589 0.3418438 0.6925238 0
-0.6969459 0.1325833 -0.7047611 0
-0.1506698 1.269723 0.4882542 1

-0.2933697 -0.9456046 0.1405933 0
-0.6487826 0.3049428 0.6972025 0
-0.7021506 0.1133236 -0.7029524 0
-0.1657075 1.275525 0.4771226 1

-0.2873746 -0.948878 0.1305609 0
-0.6527494 0.293772 0.6982952 0
-0.7009521 0.1154488 -0.7038024 0
-0.1789764 1.276254 0.4649566 1

-0.4639137 0.4164499 0.781891 0
-0.299769 0.7567507 -0.5809193 0
-0.8336203 -0.5038831 -0.2262281 0
-0.1418082 1.231032 0.4150541 1

0.1400171 0.9864861 0.08508992 0
0.3583928 -0.1306023 0.9243904 0
0.9230114 -0.09893489 -0.371836 0
-0.2332985 1.257017 0.4662867 1

0.05640751 0.9942129 0.09142806 0
0.3572693 -0.1056102 0.9280113 0
0.9322966 -0.01968254 -0.3611589 0
-0.2170927 1.263773 0.4646397 1

0.09103392 0.986973 0.1326546 0
0.3555254 -0.1566397 0.9214476 0
0.9302228 -0.03672101 -0.3651535 0
-0.1811254 1.262382 0.4550945 1

0.08900596 0.988711 0.1205343 0
0.3559311 -0.1445966 0.9232577 0
0.9302641 -0.03927357 -0.3647829 0
-0.1977572 1.26467 0.4616334 1

0.03700949 -0.05612924 -0.9977373 0
0.6028666 0.7975248 -0.02250347 0
0.7969831 -0.6006699 0.06335432 0
-0.2057888 1.254822 0.3826282 1

0.7191187 -0.0998315 -0.6876787 0
-0.1418402 -0.9898788 -0.004622586 0
-0.680257 0.1008646 -0.7260003 0
-0.1498053 1.230106 0.5021799 1

0.703203 -0.1204851 -0.7007062 0
-0.1570081 -0.9875218 0.01223494 0
-0.6934364 0.1014129 -0.7133451 0
-0.1621618 1.23307 0.4929326 1

0.7057002 -0.1537789 -0.6916208 0
-0.1807687 -0.9829344 0.03410249 0
-0.685062 0.1009573 -0.721455 0
-0.1774704 1.238007 0.4819111 1

0.7096904 -0.1225842 -0.6937671 0
-0.159126 -0.9871897 0.01165149 0
-0.6863077 0.1021274 -0.7201052 0
-0.1900665 1.240881 0.4694712 1

0.02801137 0.6341419 0.7727093 0
-0.9531707 0.2498154 -0.1704637 0
-0.3011328 -0.731749 0.611443 0
-0.1780993 1.221375 0.4409839 1

0.3677489 -0.2874545 0.8843814 0
-0.1455249 -0.9570968 -0.2505764 0
0.9184679 -0.03655045 -0.3938031 0
-0.2377485 1.22658 0.4628873 1

0.3541873 -0.2648809 0.8968775 0
-0.1386713 -0.9633219 -0.2297414 0
0.9248359 -0.04299977 -0.3779277 0
-0.2201209 1.225565 0.4593134 1

0.3632642 -0.2641869 0.8934452 0
-0.1364998 -0.9636989 -0.2294612 0
0.9216326 -0.0386001 -0.3861386 0
-0.184048 1.225508 0.4499539 1

0.3692136 -0.2338188 0.8994498 0
-0.1258152 -0.9714981 -0.2009026 0
0.9207887 -0.03898852 -0.3881083 0
-0.2008527 1.225558 0.4561914 1

0.8450625 -0.2663885 -0.4635804 0
0.4985074 0.7060058 0.5030371 0
0.1932871 -0.6561961 0.7294154 0
-0.1906275 1.229942 0.4177537 1

0.5443608 0.7740323 -0.3233342 0
0.532245 -0.6166286 -0.5800727 0
-0.6483722 0.1436759 -0.7476433 0
-0.1302941 1.228046 0.4832927 1

0.5397266 0.7641138 -0.3533066 0
0.521728 -0.6329788 -0.5719602 0
-0.660678 0.1243722 -0.7402948 0
-0.1412758 1.230864 0.4727142 1

0.5472829 0.7379071 -0.3949361 0
0.4971503 -0.666226 -0.5558644 0
-0.6732926 0.1078725 -0.7314647 0
-0.1569163 1.235837 0.4620138 1

0.5374163 0.7633973 -0.358341 0
0.5192571 -0.6343621 -0.5726752 0
-0.6644965 0.121694 -0.7373161 0
-0.169455 1.238705 0.4495184 1

0.3108667 0.8569564 0.4110812 0
-0.9232826 0.169597 0.3446537 0
0.2256351 -0.4866857 0.843935 0
-0.178076 1.225703 0.4740283 1

0.0824315 -0.9584776 0.2729948 0
-0.3881123 -0.2831756 -0.8770294 0
0.9179181 -0.03365789 -0.3953394 0
-0.2474545 1.235011 0.4388794 1

0.1079807 -0.9347368 0.3385369 0
-0.3824195 -0.3533803 -0.8537432 0
0.9176574 -0.03727536 -0.3956198 0
-0.2305105 1.23459 0.4336135 1

0.08678856 -0.9619308 0.2591474 0
-0.3893663 -0.2721905 -0.8799467 0
0.916985 -0.02453406 -0.3981662 0
-0.1943009 1.234415 0.4245918 1

0.1033382 -0.945242 0.3095781 0
-0.3848674 -0.3249998 -0.8638588 0
0.9171684 -0.02987699 -0.3973777 0
-0.211077 1.23444 0.4309 1

0.9571021 -0.2897112 0.004799977 0
0.2324079 0.7774755 0.5843959 0
-0.1730378 -0.558211 0.8114543 0
-0.2135137 1.223071 0.4409848 1

0.9826323 0.08263215 -0.1661495 0
-0.09006739 0.9952214 -0.03771204 0
0.1622393 0.05202172 0.9853792 0
-0.04776735 0.8799672 0.0188827 1

0.9461154 0.1582282 -0.2825412 0
-0.2635843 0.8831363 -0.3880641 0
0.1881197 0.4416268 0.8772553 0
0.04984551 0.8553516 0.004110616 1

0.9626575 -0.2411893 0.1229566 0
0.2697234 0.8934584 -0.3591399 0
-0.02323589 0.3788929 0.9251488 0
-0.1394839 0.8394305 0.0361236 1

0.9929582 0.05588423 -0.1044559 0
-0.04262959 0.9912311 0.1250747 0
0.1105296 -0.119741 0.9866334 0
-0.05351853 0.9726099 0.03094401 1

0.9765649 0.1886446 -0.1036067 0
-0.1451711 0.9327528 0.3299964 0
0.1588915 -0.3072222 0.9382793 0
0.1572784 0.4864038 0.1572422 1

0.9496994 -0.3122328 0.02412139 0
0.2821113 0.8864297 0.3669544 0
-0.1359571 -0.3416915 0.9299262 0
-0.2508394 0.4667401 0.176891 1

0.9945179 0.06846914 -0.07903267 0
-0.04991867 0.9750004 0.2165234 0
0.09188204 -0.2113912 0.9730732 0
-0.0606306 1.133923 0.04963978 1

0.9995903 -0.003145851 -0.02844922 0
0.003314704 0.9999772 0.005889286 0
0.02843009 -0.005981212 0.9995779 0
0.2118257 0.1227049 0.01038986 1

0.9946497 -0.0001168177 0.1033059 0
0.0005944744 0.9999893 -0.004593116 0
-0.1033042 0.004629903 0.9946389 0
-0.3602046 0.1220298 0.0155464 1

0.995478 0.07846995 -0.05353431 0
-0.05843478 0.9501836 0.3061646 0
0.07489216 -0.3016518 0.9504722 0
-0.06862672 1.269642 0.06659774 1

0.9995903 -0.003145821 -0.02844924 0
0.00198222 0.9991639 -0.04083798 0
0.02855389 0.04076486 0.9987607 0
0.2156085 0.0002756715 0.09240733 1

0.9946497 -0.0001168326 0.103306 0
0.004213184 0.9992133 -0.03943539 0
-0.1032201 0.03965956 0.9938676 0
-0.3670099 0.0004834533 0.09867445 1

0.991708 0.1243067 0.03260431 0
-0.1282476 0.9410433 0.3130339 0
0.00823012 -0.3146197 0.9491823 0
-0.016296 1.382698 0.05844592 1

0.9817973 0.06723631 -0.1776327 0
-0.008379515 0.9496677 0.313147 0
0.1897469 -0.3059584 0.9329445 0
-0.1385847 1.373058 0.0650223 1

0.9952517 0.04968941 -0.08369556 0
-0.01798114 0.9389368 0.3436199 0
0.09565908 -0.3404833 0.9353718 0
-0.07999691 1.414637 0.06770022 1

0.002266914 -0.5974001 0.8019403 0
0.5723813 0.6583569 0.4888207 0
-0.8199844 0.4579076 0.3434331 0
0.07446642 1.389083 0.04088046 1

0.5592294 0.6426343 -0.5237207 0
-0.7185265 0.6908314 0.08044505 0
0.4134997 0.3313202 0.8480832 0
-0.2304434 1.361911 0.06082569 1

0.9931309 0.02212195 -0.1148981 0
0.02327259 0.9250001 0.3792537 0
0.1146706 -0.3793225 0.9181314 0
-0.07989065 1.452231 0.09128333 1

-0.6936995 0.07092138 0.7167642 0
0.5723811 0.6583573 0.4888204 0
-0.4372194 0.7493569 -0.4972963 0
0.07509407 1.22368 0.2629137 1

-0.4706285 -0.3977849 -0.7875762 0
-0.7185257 0.6908324 0.08044423 0
0.5120836 0.603753 -0.6109439 0
-0.3852773 1.183985 0.2058283 1

0.9891232 -0.004135273 -0.147032 0
0.06518096 0.9084226 0.4129404 0
0.1318595 -0.4180325 0.8988113 0
-0.07796907 1.486221 0.1144367 1

-0.4652878 0.4277104 0.7749653 0
0.3830737 0.8865733 -0.259311 0
-0.7979736 0.1762146 -0.5763562 0
-0.1182662 1.243449 0.462703 1

-0.287971 0.09569468 -0.952846 0
0.05241699 0.9950781 0.08409452 0
0.9562036 -0.02572858 -0.2915695 0
-0.2540953 1.294863 0.4253555 1

-0.2869247 -0.9407225 0.1808741 0
-0.5655646 0.3187449 0.760617 0
-0.7731823 0.1159438 -0.6234952 0
-0.1433847 1.279289 0.5527247 1

-0.3090737 -0.9307306 0.1954848 0
-0.5566857 0.3437075 0.7562846 0
-0.7710866 0.1249242 -0.6243551 0
-0.1545531 1.28948 0.543649 1

-0.2713542 -0.9458979 0.1778882 0
-0.5694267 0.3067808 0.7626526 0
-0.7759642 0.1056547 -0.6218657 0
-0.1707557 1.295144 0.5342092 1

-0.2664861 -0.9492123 0.1672758 0
-0.5731931 0.2956007 0.7642447 0
-0.7748772 0.1077792 -0.6228554 0
-0.1852892 1.295736 0.5235773 1

-0.376902 0.4196371 0.8257418 0
-0.3657885 0.7515923 -0.5489154 0
-0.8509664 -0.5089341 -0.1297784 0
-0.1536276 1.250343 0.470156 1

0.1603543 0.9832157 0.08702433 0
0.3563293 -0.1398824 0.9238302 0
0.9204977 -0.1171309 -0.3727793 0
-0.2506953 1.285073 0.5249142 1

0.07692634 0.9926482 0.09344551 0
0.3557232 -0.1148801 0.9275041 0
0.9314201 -0.03810868 -0.3619453 0
-0.2343552 1.291497 0.5232682 1

0.1114277 0.9846111 0.1346291 0
0.3529246 -0.1658489 0.9208357 0
0.9289932 -0.0550927 -0.3659735 0
-0.1984314 1.289385 0.5136914 1

0.1094266 0.986416 0.1225141 0
0.3535794 -0.1538207 0.9226704 0
